#
#
# US Geological Survey, Water Resources Data
# retrieved: 2019-02-26 15:07:59 -05:00	(natwebvaas01)
#
# This file contains USGS Daily Statistics
#
# Note:The statistics generated are based on approved daily-mean data and may not match those published by the USGS in official publications.
# The user is responsible for assessment and use of statistics from this site.
# For more details on why the statistics may not match, visit http://help.waterdata.usgs.gov/faq/about-statistics.
#
# Data heading explanations.
# agency_cd       -- agency code
# site_no         -- Site identification number
# parameter_cd    -- Parameter code
# station_nm      -- Site name
# loc_web_ds      -- Additional measurement description
#
# Data for the following 1 site(s) are contained in this file
# agency_cd   site_no      parameter_cd   station_nm (loc_web_ds)
# USGS        08067500     00065          Cedar Bayou nr Crosby, TX
#
# Explanation of Parameter Codes
# parameter_cd	Parameter Name
# 00065         Gage height, feet
#
# Data heading explanations.
# month_nu    ... The month for which the statistics apply.
# day_nu      ... The day for which the statistics apply.
# begin_yr    ... First water year of data of daily mean values for this day.
# end_yr      ... Last water year of data of daily mean values for this day.
# count_nu    ... Number of values used in the calculation.
# mean_va     ... Mean of daily mean values for this day.
#
agency_cd	site_no	parameter_cd	ts_id	loc_web_ds	month_nu	day_nu	begin_yr	end_yr	count_nu	mean_va
5s	15s	5s	10n	15s	3n	3n	6n	6n	8n	12s
USGS	08067500	00065	134097		1	1	1998	2018	20	20.83
USGS	08067500	00065	134097		1	2	1998	2018	21	20.53
USGS	08067500	00065	134097		1	3	1998	2018	21	20.58
USGS	08067500	00065	134097		1	4	1998	2018	21	20.60
USGS	08067500	00065	134097		1	5	1998	2018	20	19.46
USGS	08067500	00065	134097		1	6	1998	2018	21	20.54
USGS	08067500	00065	134097		1	7	1998	2018	20	21.77
USGS	08067500	00065	134097		1	8	1998	2018	20	21.62
USGS	08067500	00065	134097		1	9	1998	2018	21	20.79
USGS	08067500	00065	134097		1	10	1998	2018	21	20.63
USGS	08067500	00065	134097		1	11	1998	2018	21	20.88
USGS	08067500	00065	134097		1	12	1998	2018	21	20.73
USGS	08067500	00065	134097		1	13	1998	2018	21	20.38
USGS	08067500	00065	134097		1	14	1998	2018	20	19.60
USGS	08067500	00065	134097		1	15	1998	2018	20	19.56
USGS	08067500	00065	134097		1	16	1998	2018	20	19.66
USGS	08067500	00065	134097		1	17	1998	2018	21	20.96
USGS	08067500	00065	134097		1	18	1998	2018	21	20.84
USGS	08067500	00065	134097		1	19	1998	2018	21	21.35
USGS	08067500	00065	134097		1	20	1998	2018	21	20.71
USGS	08067500	00065	134097		1	21	1998	2018	21	20.76
USGS	08067500	00065	134097		1	22	1998	2018	21	20.83
USGS	08067500	00065	134097		1	23	1998	2018	21	20.81
USGS	08067500	00065	134097		1	24	1998	2018	20	19.95
USGS	08067500	00065	134097		1	25	1998	2018	21	21.34
USGS	08067500	00065	134097		1	26	1998	2018	20	21.69
USGS	08067500	00065	134097		1	27	1998	2018	20	19.75
USGS	08067500	00065	134097		1	28	1998	2018	20	19.52
USGS	08067500	00065	134097		1	29	1998	2018	21	20.43
USGS	08067500	00065	134097		1	30	1998	2018	21	20.38
USGS	08067500	00065	134097		1	31	1998	2018	21	20.15
USGS	08067500	00065	134097		2	1	1998	2018	21	20.45
USGS	08067500	00065	134097		2	2	1998	2018	20	21.31
USGS	08067500	00065	134097		2	3	1998	2018	20	21.01
USGS	08067500	00065	134097		2	4	1998	2018	20	21.39
USGS	08067500	00065	134097		2	5	1998	2018	20	21.60
USGS	08067500	00065	134097		2	6	1998	2018	20	21.16
USGS	08067500	00065	134097		2	7	1998	2018	20	20.92
USGS	08067500	00065	134097		2	8	1998	2018	20	20.98
USGS	08067500	00065	134097		2	9	1998	2018	20	21.36
USGS	08067500	00065	134097		2	10	1998	2018	20	21.77
USGS	08067500	00065	134097		2	11	1998	2018	20	22.53
USGS	08067500	00065	134097		2	12	1998	2018	21	21.27
USGS	08067500	00065	134097		2	13	1998	2018	21	21.02
USGS	08067500	00065	134097		2	14	1998	2018	21	21.15
USGS	08067500	00065	134097		2	15	1998	2018	21	20.74
USGS	08067500	00065	134097		2	16	1998	2018	21	20.69
USGS	08067500	00065	134097		2	17	1998	2018	21	20.70
USGS	08067500	00065	134097		2	18	1998	2018	21	20.65
USGS	08067500	00065	134097		2	19	1998	2018	21	20.48
USGS	08067500	00065	134097		2	20	1998	2018	21	20.17
USGS	08067500	00065	134097		2	21	1998	2018	21	21.03
USGS	08067500	00065	134097		2	22	1998	2018	21	21.33
USGS	08067500	00065	134097		2	23	1998	2018	21	20.61
USGS	08067500	00065	134097		2	24	1998	2018	21	20.39
USGS	08067500	00065	134097		2	25	1998	2018	20	21.19
USGS	08067500	00065	134097		2	26	1998	2018	21	20.70
USGS	08067500	00065	134097		2	27	1998	2018	21	20.49
USGS	08067500	00065	134097		2	28	1998	2018	21	20.15
USGS	08067500	00065	134097		2	29	2000	2016	5	18.95
USGS	08067500	00065	134097		3	1	1998	2018	18	18.89
USGS	08067500	00065	134097		3	2	1998	2018	18	19.02
USGS	08067500	00065	134097		3	3	1998	2018	20	19.54
USGS	08067500	00065	134097		3	4	1998	2018	21	20.25
USGS	08067500	00065	134097		3	5	1998	2018	21	20.09
USGS	08067500	00065	134097		3	6	1998	2018	20	19.11
USGS	08067500	00065	134097		3	7	1998	2018	21	20.07
USGS	08067500	00065	134097		3	8	1998	2018	21	20.04
USGS	08067500	00065	134097		3	9	1998	2018	21	20.74
USGS	08067500	00065	134097		3	10	1998	2018	21	21.22
USGS	08067500	00065	134097		3	11	1998	2018	21	21.05
USGS	08067500	00065	134097		3	12	1997	2018	22	20.83
USGS	08067500	00065	134097		3	13	1997	2018	22	20.48
USGS	08067500	00065	134097		3	14	1997	2018	22	20.45
USGS	08067500	00065	134097		3	15	1997	2018	22	20.82
USGS	08067500	00065	134097		3	16	1997	2018	21	20.93
USGS	08067500	00065	134097		3	17	1997	2018	22	19.84
USGS	08067500	00065	134097		3	18	1997	2018	22	19.56
USGS	08067500	00065	134097		3	19	1997	2018	22	19.50
USGS	08067500	00065	134097		3	20	1997	2018	22	19.70
USGS	08067500	00065	134097		3	21	1997	2018	22	20.02
USGS	08067500	00065	134097		3	22	1997	2018	22	20.07
USGS	08067500	00065	134097		3	23	1997	2018	22	19.74
USGS	08067500	00065	134097		3	24	1997	2018	22	19.66
USGS	08067500	00065	134097		3	25	1997	2018	22	19.64
USGS	08067500	00065	134097		3	26	1997	2018	22	19.93
USGS	08067500	00065	134097		3	27	1997	2018	22	20.03
USGS	08067500	00065	134097		3	28	1997	2018	22	20.37
USGS	08067500	00065	134097		3	29	1997	2018	22	20.43
USGS	08067500	00065	134097		3	30	1997	2018	22	20.32
USGS	08067500	00065	134097		3	31	1997	2018	21	19.60
USGS	08067500	00065	134097		4	1	1997	2018	22	20.25
USGS	08067500	00065	134097		4	2	1997	2018	21	20.60
USGS	08067500	00065	134097		4	3	1997	2018	21	20.47
USGS	08067500	00065	134097		4	4	1997	2018	22	19.75
USGS	08067500	00065	134097		4	5	1998	2018	21	19.81
USGS	08067500	00065	134097		4	6	1998	2018	21	19.72
USGS	08067500	00065	134097		4	7	1998	2018	20	18.83
USGS	08067500	00065	134097		4	8	1997	2018	21	18.54
USGS	08067500	00065	134097		4	9	1998	2018	21	20.39
USGS	08067500	00065	134097		4	10	1998	2018	21	20.03
USGS	08067500	00065	134097		4	11	1997	2018	22	19.78
USGS	08067500	00065	134097		4	12	1997	2018	22	19.68
USGS	08067500	00065	134097		4	13	1997	2018	21	18.66
USGS	08067500	00065	134097		4	14	1997	2018	21	18.61
USGS	08067500	00065	134097		4	15	1997	2018	21	18.43
USGS	08067500	00065	134097		4	16	1997	2018	21	18.37
USGS	08067500	00065	134097		4	17	1997	2018	21	19.01
USGS	08067500	00065	134097		4	18	1997	2018	22	20.69
USGS	08067500	00065	134097		4	19	1997	2018	22	20.69
USGS	08067500	00065	134097		4	20	1997	2018	22	20.05
USGS	08067500	00065	134097		4	21	1997	2018	22	19.71
USGS	08067500	00065	134097		4	22	1997	2018	22	19.61
USGS	08067500	00065	134097		4	23	1997	2018	22	19.30
USGS	08067500	00065	134097		4	24	1997	2018	22	19.18
USGS	08067500	00065	134097		4	25	1997	2018	22	19.63
USGS	08067500	00065	134097		4	26	1997	2018	22	19.82
USGS	08067500	00065	134097		4	27	1997	2018	22	19.51
USGS	08067500	00065	134097		4	28	1998	2018	20	21.04
USGS	08067500	00065	134097		4	29	1998	2018	20	20.98
USGS	08067500	00065	134097		4	30	1997	2018	21	20.31
USGS	08067500	00065	134097		5	1	1997	2018	21	20.32
USGS	08067500	00065	134097		5	2	1997	2018	21	20.58
USGS	08067500	00065	134097		5	3	1997	2018	21	20.15
USGS	08067500	00065	134097		5	4	1997	2018	21	20.47
USGS	08067500	00065	134097		5	5	1997	2018	22	20.23
USGS	08067500	00065	134097		5	6	1997	2018	22	20.07
USGS	08067500	00065	134097		5	7	1997	2018	22	19.46
USGS	08067500	00065	134097		5	8	1997	2018	22	19.20
USGS	08067500	00065	134097		5	9	1997	2018	22	19.13
USGS	08067500	00065	134097		5	10	1997	2018	22	19.14
USGS	08067500	00065	134097		5	11	1997	2018	22	19.32
USGS	08067500	00065	134097		5	12	1997	2018	22	19.67
USGS	08067500	00065	134097		5	13	1997	2018	22	20.33
USGS	08067500	00065	134097		5	14	1997	2018	22	20.50
USGS	08067500	00065	134097		5	15	1997	2018	22	20.01
USGS	08067500	00065	134097		5	16	1997	2018	22	19.76
USGS	08067500	00065	134097		5	17	1997	2017	21	18.56
USGS	08067500	00065	134097		5	18	1997	2017	21	18.46
USGS	08067500	00065	134097		5	19	1997	2017	21	18.37
USGS	08067500	00065	134097		5	20	1997	2017	21	19.10
USGS	08067500	00065	134097		5	21	1997	2018	22	19.85
USGS	08067500	00065	134097		5	22	1997	2018	22	19.88
USGS	08067500	00065	134097		5	23	1997	2018	22	19.36
USGS	08067500	00065	134097		5	24	1997	2018	22	19.26
USGS	08067500	00065	134097		5	25	1997	2017	21	18.43
USGS	08067500	00065	134097		5	26	1997	2017	21	19.05
USGS	08067500	00065	134097		5	27	1997	2017	21	19.87
USGS	08067500	00065	134097		5	28	1997	2017	21	19.83
USGS	08067500	00065	134097		5	29	1997	2017	21	20.30
USGS	08067500	00065	134097		5	30	1997	2017	21	20.79
USGS	08067500	00065	134097		5	31	1997	2017	21	20.52
USGS	08067500	00065	134097		6	1	1997	2017	21	19.38
USGS	08067500	00065	134097		6	2	1997	2017	21	19.14
USGS	08067500	00065	134097		6	3	1997	2017	21	18.99
USGS	08067500	00065	134097		6	4	1997	2017	21	18.91
USGS	08067500	00065	134097		6	5	1997	2017	21	18.97
USGS	08067500	00065	134097		6	6	1997	2017	21	19.15
USGS	08067500	00065	134097		6	7	1997	2017	21	18.67
USGS	08067500	00065	134097		6	8	1997	2017	20	19.23
USGS	08067500	00065	134097		6	9	1997	2017	20	19.82
USGS	08067500	00065	134097		6	10	1997	2017	21	18.83
USGS	08067500	00065	134097		6	11	1998	2017	20	19.06
USGS	08067500	00065	134097		6	12	1998	2017	20	19.05
USGS	08067500	00065	134097		6	13	1998	2017	20	18.96
USGS	08067500	00065	134097		6	14	1998	2017	20	19.06
USGS	08067500	00065	134097		6	15	1998	2017	20	19.27
USGS	08067500	00065	134097		6	16	1998	2017	19	20.03
USGS	08067500	00065	134097		6	17	1998	2017	19	20.56
USGS	08067500	00065	134097		6	18	1998	2017	19	20.79
USGS	08067500	00065	134097		6	19	1998	2018	20	21.34
USGS	08067500	00065	134097		6	20	1998	2018	20	21.29
USGS	08067500	00065	134097		6	21	1998	2018	20	21.16
USGS	08067500	00065	134097		6	22	1998	2018	20	20.62
USGS	08067500	00065	134097		6	23	1998	2018	20	20.67
USGS	08067500	00065	134097		6	24	1998	2018	20	20.88
USGS	08067500	00065	134097		6	25	1998	2018	20	21.04
USGS	08067500	00065	134097		6	26	1998	2018	20	21.01
USGS	08067500	00065	134097		6	27	1998	2018	20	20.97
USGS	08067500	00065	134097		6	28	1997	2018	21	20.00
USGS	08067500	00065	134097		6	29	1997	2018	20	20.50
USGS	08067500	00065	134097		6	30	1997	2018	20	20.41
USGS	08067500	00065	134097		7	1	1997	2018	21	19.95
USGS	08067500	00065	134097		7	2	1997	2018	21	19.90
USGS	08067500	00065	134097		7	3	1997	2018	22	19.26
USGS	08067500	00065	134097		7	4	1997	2018	22	19.29
USGS	08067500	00065	134097		7	5	1997	2018	22	19.72
USGS	08067500	00065	134097		7	6	1997	2018	22	19.67
USGS	08067500	00065	134097		7	7	1997	2018	22	19.53
USGS	08067500	00065	134097		7	8	1997	2018	22	19.49
USGS	08067500	00065	134097		7	9	1997	2018	22	19.40
USGS	08067500	00065	134097		7	10	1997	2018	22	19.17
USGS	08067500	00065	134097		7	11	1997	2018	22	19.05
USGS	08067500	00065	134097		7	12	1997	2018	22	19.07
USGS	08067500	00065	134097		7	13	1997	2018	21	19.80
USGS	08067500	00065	134097		7	14	1997	2018	21	19.91
USGS	08067500	00065	134097		7	15	1998	2018	21	20.08
USGS	08067500	00065	134097		7	16	1997	2018	22	19.86
USGS	08067500	00065	134097		7	17	1997	2018	22	19.60
USGS	08067500	00065	134097		7	18	1997	2018	22	19.45
USGS	08067500	00065	134097		7	19	1997	2018	22	19.36
USGS	08067500	00065	134097		7	20	1997	2018	22	19.62
USGS	08067500	00065	134097		7	21	1997	2018	22	19.56
USGS	08067500	00065	134097		7	22	1997	2018	22	19.27
USGS	08067500	00065	134097		7	23	1997	2018	22	19.25
USGS	08067500	00065	134097		7	24	1997	2018	22	19.22
USGS	08067500	00065	134097		7	25	1997	2018	22	19.20
USGS	08067500	00065	134097		7	26	1997	2018	22	19.67
USGS	08067500	00065	134097		7	27	1997	2018	22	19.84
USGS	08067500	00065	134097		7	28	1998	2018	21	20.31
USGS	08067500	00065	134097		7	29	1998	2018	21	20.07
USGS	08067500	00065	134097		7	30	1997	2018	22	19.33
USGS	08067500	00065	134097		7	31	1997	2018	22	19.15
USGS	08067500	00065	134097		8	1	1997	2018	22	19.11
USGS	08067500	00065	134097		8	2	1997	2018	22	19.10
USGS	08067500	00065	134097		8	3	1997	2018	22	19.08
USGS	08067500	00065	134097		8	4	1997	2018	22	19.07
USGS	08067500	00065	134097		8	5	1997	2018	22	19.13
USGS	08067500	00065	134097		8	6	1997	2018	22	19.20
USGS	08067500	00065	134097		8	7	1997	2018	22	19.21
USGS	08067500	00065	134097		8	8	1998	2018	21	20.15
USGS	08067500	00065	134097		8	9	1998	2018	21	20.02
USGS	08067500	00065	134097		8	10	1998	2018	21	19.83
USGS	08067500	00065	134097		8	11	1997	2018	22	19.18
USGS	08067500	00065	134097		8	12	1998	2018	21	19.71
USGS	08067500	00065	134097		8	13	1998	2018	21	19.72
USGS	08067500	00065	134097		8	14	1998	2018	21	19.76
USGS	08067500	00065	134097		8	15	1998	2018	21	19.89
USGS	08067500	00065	134097		8	16	1998	2018	21	19.93
USGS	08067500	00065	134097		8	17	1998	2018	21	19.78
USGS	08067500	00065	134097		8	18	1998	2018	21	19.69
USGS	08067500	00065	134097		8	19	1998	2018	21	19.72
USGS	08067500	00065	134097		8	20	1998	2018	21	19.81
USGS	08067500	00065	134097		8	21	1998	2018	20	19.14
USGS	08067500	00065	134097		8	22	1998	2018	20	19.05
USGS	08067500	00065	134097		8	23	1998	2018	20	18.97
USGS	08067500	00065	134097		8	24	1998	2018	20	18.88
USGS	08067500	00065	134097		8	25	1998	2018	20	18.85
USGS	08067500	00065	134097		8	26	1998	2018	20	19.15
USGS	08067500	00065	134097		8	27	1998	2018	20	19.85
USGS	08067500	00065	134097		8	28	1998	2018	20	19.89
USGS	08067500	00065	134097		8	29	1998	2018	20	19.90
USGS	08067500	00065	134097		8	30	1998	2018	20	19.86
USGS	08067500	00065	134097		8	31	1998	2018	20	19.95
USGS	08067500	00065	134097		9	1	1998	2017	19	19.38
USGS	08067500	00065	134097		9	2	1998	2018	20	20.71
USGS	08067500	00065	134097		9	3	1998	2018	20	20.32
USGS	08067500	00065	134097		9	4	1998	2018	21	20.68
USGS	08067500	00065	134097		9	5	1998	2018	21	20.31
USGS	08067500	00065	134097		9	6	1998	2018	21	20.03
USGS	08067500	00065	134097		9	7	1998	2018	21	20.04
USGS	08067500	00065	134097		9	8	1998	2018	21	20.54
USGS	08067500	00065	134097		9	9	1998	2018	21	20.46
USGS	08067500	00065	134097		9	10	1998	2018	21	20.24
USGS	08067500	00065	134097		9	11	1998	2018	21	20.38
USGS	08067500	00065	134097		9	12	1997	2018	22	20.09
USGS	08067500	00065	134097		9	13	1998	2018	21	20.88
USGS	08067500	00065	134097		9	14	1998	2018	20	20.12
USGS	08067500	00065	134097		9	15	1997	2018	22	20.28
USGS	08067500	00065	134097		9	16	1998	2018	21	20.74
USGS	08067500	00065	134097		9	17	1998	2018	21	20.55
USGS	08067500	00065	134097		9	18	1998	2018	21	20.43
USGS	08067500	00065	134097		9	19	1998	2018	21	20.68
USGS	08067500	00065	134097		9	20	1998	2018	21	21.08
USGS	08067500	00065	134097		9	21	1998	2018	21	21.19
USGS	08067500	00065	134097		9	22	1998	2018	21	20.88
USGS	08067500	00065	134097		9	23	1997	2018	22	20.12
USGS	08067500	00065	134097		9	24	1997	2018	22	19.93
USGS	08067500	00065	134097		9	25	1998	2018	21	20.11
USGS	08067500	00065	134097		9	26	1998	2018	21	19.87
USGS	08067500	00065	134097		9	27	1998	2018	21	19.81
USGS	08067500	00065	134097		9	28	1998	2018	21	19.71
USGS	08067500	00065	134097		9	29	1998	2018	21	19.67
USGS	08067500	00065	134097		9	30	1998	2018	21	19.67
USGS	08067500	00065	134097		10	1	1999	2019	21	21.09
USGS	08067500	00065	134097		10	2	1999	2019	21	21.19
USGS	08067500	00065	134097		10	3	1999	2019	21	21.31
USGS	08067500	00065	134097		10	4	1999	2019	21	21.35
USGS	08067500	00065	134097		10	5	1999	2019	20	20.47
USGS	08067500	00065	134097		10	6	1999	2019	21	21.49
USGS	08067500	00065	134097		10	7	1999	2019	21	21.50
USGS	08067500	00065	134097		10	8	1999	2019	21	21.23
USGS	08067500	00065	134097		10	9	1998	2019	22	20.87
USGS	08067500	00065	134097		10	10	1999	2019	21	21.87
USGS	08067500	00065	134097		10	11	1999	2019	21	21.99
USGS	08067500	00065	134097		10	12	1999	2019	21	22.03
USGS	08067500	00065	134097		10	13	1999	2019	21	22.13
USGS	08067500	00065	134097		10	14	1999	2019	21	22.16
USGS	08067500	00065	134097		10	15	1999	2019	21	21.97
USGS	08067500	00065	134097		10	16	1999	2019	21	22.81
USGS	08067500	00065	134097		10	17	1999	2019	21	22.31
USGS	08067500	00065	134097		10	18	1999	2019	21	22.40
USGS	08067500	00065	134097		10	19	1999	2018	20	22.01
USGS	08067500	00065	134097		10	20	1999	2018	20	21.64
USGS	08067500	00065	134097		10	21	1999	2018	20	21.34
USGS	08067500	00065	134097		10	22	1999	2018	20	21.51
USGS	08067500	00065	134097		10	23	1999	2018	20	21.35
USGS	08067500	00065	134097		10	24	1999	2018	20	20.85
USGS	08067500	00065	134097		10	25	1999	2018	20	21.13
USGS	08067500	00065	134097		10	26	2000	2018	19	21.92
USGS	08067500	00065	134097		10	27	2000	2018	18	21.54
USGS	08067500	00065	134097		10	28	1999	2018	19	20.30
USGS	08067500	00065	134097		10	29	1999	2018	19	20.44
USGS	08067500	00065	134097		10	30	1999	2018	20	21.77
USGS	08067500	00065	134097		10	31	1999	2018	18	22.15
USGS	08067500	00065	134097		11	1	1999	2018	20	22.71
USGS	08067500	00065	134097		11	2	1999	2018	20	22.57
USGS	08067500	00065	134097		11	3	1999	2018	20	21.75
USGS	08067500	00065	134097		11	4	1999	2018	20	21.36
USGS	08067500	00065	134097		11	5	1999	2018	20	21.06
USGS	08067500	00065	134097		11	6	1999	2018	19	19.89
USGS	08067500	00065	134097		11	7	1999	2018	20	20.53
USGS	08067500	00065	134097		11	8	1999	2018	19	19.62
USGS	08067500	00065	134097		11	9	1999	2018	20	20.41
USGS	08067500	00065	134097		11	10	1999	2018	20	20.33
USGS	08067500	00065	134097		11	11	1999	2018	20	20.52
USGS	08067500	00065	134097		11	12	1998	2018	21	20.54
USGS	08067500	00065	134097		11	13	1999	2018	19	20.86
USGS	08067500	00065	134097		11	14	1998	2018	21	20.77
USGS	08067500	00065	134097		11	15	1999	2018	20	21.14
USGS	08067500	00065	134097		11	16	1999	2018	20	21.01
USGS	08067500	00065	134097		11	17	1999	2018	20	21.49
USGS	08067500	00065	134097		11	18	1999	2018	20	22.56
USGS	08067500	00065	134097		11	19	1999	2018	19	21.42
USGS	08067500	00065	134097		11	20	1999	2018	19	20.41
USGS	08067500	00065	134097		11	21	1999	2018	20	21.02
USGS	08067500	00065	134097		11	22	1999	2018	20	21.11
USGS	08067500	00065	134097		11	23	1999	2018	19	20.68
USGS	08067500	00065	134097		11	24	1999	2018	20	21.59
USGS	08067500	00065	134097		11	25	1999	2018	20	21.10
USGS	08067500	00065	134097		11	26	1999	2018	20	20.98
USGS	08067500	00065	134097		11	27	1999	2018	20	20.77
USGS	08067500	00065	134097		11	28	1999	2018	20	20.61
USGS	08067500	00065	134097		11	29	1999	2018	19	21.11
USGS	08067500	00065	134097		11	30	1998	2018	20	20.50
USGS	08067500	00065	134097		12	1	1999	2018	20	20.46
USGS	08067500	00065	134097		12	2	1999	2018	20	20.56
USGS	08067500	00065	134097		12	3	1998	2018	21	20.08
USGS	08067500	00065	134097		12	4	1999	2018	20	20.63
USGS	08067500	00065	134097		12	5	1999	2018	20	20.63
USGS	08067500	00065	134097		12	6	1999	2018	20	20.59
USGS	08067500	00065	134097		12	7	1999	2018	20	20.75
USGS	08067500	00065	134097		12	8	1999	2018	20	20.62
USGS	08067500	00065	134097		12	9	1999	2018	20	20.62
USGS	08067500	00065	134097		12	10	1998	2018	21	20.27
USGS	08067500	00065	134097		12	11	1998	2018	21	20.53
USGS	08067500	00065	134097		12	12	1998	2018	21	21.36
USGS	08067500	00065	134097		12	13	1998	2018	21	21.70
USGS	08067500	00065	134097		12	14	1998	2018	21	21.30
USGS	08067500	00065	134097		12	15	1998	2018	21	21.02
USGS	08067500	00065	134097		12	16	1998	2018	21	20.57
USGS	08067500	00065	134097		12	17	1998	2018	21	20.54
USGS	08067500	00065	134097		12	18	1998	2018	21	20.28
USGS	08067500	00065	134097		12	19	1998	2018	21	20.54
USGS	08067500	00065	134097		12	20	1998	2018	21	20.77
USGS	08067500	00065	134097		12	21	1998	2018	21	21.17
USGS	08067500	00065	134097		12	22	1998	2018	21	21.08
USGS	08067500	00065	134097		12	23	1998	2018	21	20.76
USGS	08067500	00065	134097		12	24	1998	2018	21	20.77
USGS	08067500	00065	134097		12	25	1998	2018	21	20.67
USGS	08067500	00065	134097		12	26	1998	2018	21	20.29
USGS	08067500	00065	134097		12	27	1998	2018	21	20.15
USGS	08067500	00065	134097		12	28	1998	2018	21	20.52
USGS	08067500	00065	134097		12	29	1998	2018	21	20.50
USGS	08067500	00065	134097		12	30	1998	2018	21	20.85
USGS	08067500	00065	134097		12	31	1998	2018	21	20.82
