#
#
# US Geological Survey, Water Resources Data
# retrieved: 2019-02-26 15:07:59 -05:00	(natwebvaas01)
#
# This file contains USGS Daily Statistics
#
# Note:The statistics generated are based on approved daily-mean data and may not match those published by the USGS in official publications.
# The user is responsible for assessment and use of statistics from this site.
# For more details on why the statistics may not match, visit http://help.waterdata.usgs.gov/faq/about-statistics.
#
# Data heading explanations.
# agency_cd       -- agency code
# site_no         -- Site identification number
# parameter_cd    -- Parameter code
# station_nm      -- Site name
# loc_web_ds      -- Additional measurement description
#
# Data for the following 1 site(s) are contained in this file
# agency_cd   site_no      parameter_cd   station_nm (loc_web_ds)
# USGS        08068450     00065          Panther Br nr Spring, TX
#
# Explanation of Parameter Codes
# parameter_cd	Parameter Name
# 00065         Gage height, feet
#
# Data heading explanations.
# month_nu    ... The month for which the statistics apply.
# day_nu      ... The day for which the statistics apply.
# begin_yr    ... First water year of data of daily mean values for this day.
# end_yr      ... Last water year of data of daily mean values for this day.
# count_nu    ... Number of values used in the calculation.
# mean_va     ... Mean of daily mean values for this day.
#
agency_cd	site_no	parameter_cd	ts_id	loc_web_ds	month_nu	day_nu	begin_yr	end_yr	count_nu	mean_va
5s	15s	5s	10n	15s	3n	3n	6n	6n	8n	12s
USGS	08068450	00065	134231		1	1	2000	2007	7	102.23
USGS	08068450	00065	134231		1	2	2000	2007	7	102.11
USGS	08068450	00065	134231		1	3	2000	2007	8	102.03
USGS	08068450	00065	134231		1	4	2000	2007	8	102.15
USGS	08068450	00065	134231		1	5	2000	2007	8	102.15
USGS	08068450	00065	134231		1	6	2000	2007	8	102.11
USGS	08068450	00065	134231		1	7	2000	2007	8	102.02
USGS	08068450	00065	134231		1	8	2000	2007	8	102.03
USGS	08068450	00065	134231		1	9	2000	2007	8	102.02
USGS	08068450	00065	134231		1	10	2000	2007	8	102.05
USGS	08068450	00065	134231		1	11	2000	2007	8	102.36
USGS	08068450	00065	134231		1	12	2000	2007	8	102.15
USGS	08068450	00065	134231		1	13	2000	2007	8	102.35
USGS	08068450	00065	134231		1	14	2000	2007	8	102.20
USGS	08068450	00065	134231		1	15	2000	2007	8	102.32
USGS	08068450	00065	134231		1	16	2000	2007	8	102.18
USGS	08068450	00065	134231		1	17	2000	2006	7	103.29
USGS	08068450	00065	134231		1	18	2000	2007	8	102.72
USGS	08068450	00065	134231		1	19	2000	2007	8	102.62
USGS	08068450	00065	134231		1	20	2000	2007	8	102.27
USGS	08068450	00065	134231		1	21	2000	2007	7	102.15
USGS	08068450	00065	134231		1	22	2000	2007	7	102.13
USGS	08068450	00065	134231		1	23	2000	2007	8	102.15
USGS	08068450	00065	134231		1	24	2000	2007	8	102.29
USGS	08068450	00065	134231		1	25	2000	2007	8	102.77
USGS	08068450	00065	134231		1	26	2000	2007	8	102.38
USGS	08068450	00065	134231		1	27	2000	2007	8	102.25
USGS	08068450	00065	134231		1	28	2000	2007	8	102.34
USGS	08068450	00065	134231		1	29	2000	2007	8	102.59
USGS	08068450	00065	134231		1	30	2000	2007	8	102.46
USGS	08068450	00065	134231		1	31	2000	2007	8	102.42
USGS	08068450	00065	134231		2	1	2000	2007	8	102.56
USGS	08068450	00065	134231		2	2	2000	2007	8	102.42
USGS	08068450	00065	134231		2	3	2000	2007	8	102.25
USGS	08068450	00065	134231		2	4	2000	2007	8	102.12
USGS	08068450	00065	134231		2	5	2000	2007	8	102.09
USGS	08068450	00065	134231		2	6	2000	2007	8	102.17
USGS	08068450	00065	134231		2	7	2000	2007	8	102.41
USGS	08068450	00065	134231		2	8	2000	2007	8	102.38
USGS	08068450	00065	134231		2	9	2000	2007	8	102.23
USGS	08068450	00065	134231		2	10	2000	2007	8	102.29
USGS	08068450	00065	134231		2	11	2000	2007	8	102.68
USGS	08068450	00065	134231		2	12	2000	2007	8	102.45
USGS	08068450	00065	134231		2	13	2000	2007	8	102.23
USGS	08068450	00065	134231		2	14	2000	2007	8	102.19
USGS	08068450	00065	134231		2	15	2000	2007	8	102.12
USGS	08068450	00065	134231		2	16	2000	2007	8	102.06
USGS	08068450	00065	134231		2	17	2000	2007	8	102.01
USGS	08068450	00065	134231		2	18	2000	2007	8	101.97
USGS	08068450	00065	134231		2	19	2000	2007	8	101.96
USGS	08068450	00065	134231		2	20	2000	2007	8	102.04
USGS	08068450	00065	134231		2	21	2000	2007	8	102.32
USGS	08068450	00065	134231		2	22	2000	2007	8	102.56
USGS	08068450	00065	134231		2	23	2000	2007	8	102.37
USGS	08068450	00065	134231		2	24	2000	2007	8	102.38
USGS	08068450	00065	134231		2	25	2000	2007	8	102.36
USGS	08068450	00065	134231		2	26	2000	2007	8	102.25
USGS	08068450	00065	134231		2	27	2000	2007	8	102.18
USGS	08068450	00065	134231		2	28	2000	2007	8	102.20
USGS	08068450	00065	134231		2	29	2000	2004	2	102.10
USGS	08068450	00065	134231		3	1	2000	2007	8	102.43
USGS	08068450	00065	134231		3	2	2000	2007	8	102.69
USGS	08068450	00065	134231		3	3	2000	2007	8	102.92
USGS	08068450	00065	134231		3	4	2000	2007	8	102.59
USGS	08068450	00065	134231		3	5	2000	2007	8	102.30
USGS	08068450	00065	134231		3	6	2000	2007	7	102.15
USGS	08068450	00065	134231		3	7	2000	2007	8	102.07
USGS	08068450	00065	134231		3	8	2000	2007	8	102.16
USGS	08068450	00065	134231		3	9	2000	2007	8	102.72
USGS	08068450	00065	134231		3	10	2000	2007	8	102.28
USGS	08068450	00065	134231		3	11	2000	2007	8	102.31
USGS	08068450	00065	134231		3	12	2000	2007	8	102.72
USGS	08068450	00065	134231		3	13	2000	2007	8	102.40
USGS	08068450	00065	134231		3	14	2000	2007	8	102.86
USGS	08068450	00065	134231		3	15	2000	2007	8	102.90
USGS	08068450	00065	134231		3	16	2000	2007	8	102.44
USGS	08068450	00065	134231		3	17	2000	2007	8	102.21
USGS	08068450	00065	134231		3	18	2000	2007	8	102.09
USGS	08068450	00065	134231		3	19	2000	2007	8	102.15
USGS	08068450	00065	134231		3	20	2000	2007	8	102.46
USGS	08068450	00065	134231		3	21	2000	2007	8	102.18
USGS	08068450	00065	134231		3	22	2000	2007	8	102.12
USGS	08068450	00065	134231		3	23	2000	2007	8	102.03
USGS	08068450	00065	134231		3	24	2000	2007	8	101.98
USGS	08068450	00065	134231		3	25	2000	2007	8	101.99
USGS	08068450	00065	134231		3	26	2000	2007	8	102.03
USGS	08068450	00065	134231		3	27	2000	2007	8	102.33
USGS	08068450	00065	134231		3	28	2000	2007	8	102.94
USGS	08068450	00065	134231		3	29	2000	2007	8	102.61
USGS	08068450	00065	134231		3	30	2000	2007	8	102.34
USGS	08068450	00065	134231		3	31	2000	2007	8	102.17
USGS	08068450	00065	134231		4	1	2000	2007	8	102.10
USGS	08068450	00065	134231		4	2	2000	2007	8	102.61
USGS	08068450	00065	134231		4	3	2000	2007	8	102.43
USGS	08068450	00065	134231		4	4	2000	2007	8	102.19
USGS	08068450	00065	134231		4	5	2000	2007	8	102.04
USGS	08068450	00065	134231		4	6	2000	2007	8	102.01
USGS	08068450	00065	134231		4	7	2000	2007	8	102.02
USGS	08068450	00065	134231		4	8	2000	2007	8	102.67
USGS	08068450	00065	134231		4	9	2000	2007	8	102.39
USGS	08068450	00065	134231		4	10	2000	2007	8	102.21
USGS	08068450	00065	134231		4	11	2000	2007	8	102.55
USGS	08068450	00065	134231		4	12	2000	2007	8	102.35
USGS	08068450	00065	134231		4	13	2000	2007	7	102.21
USGS	08068450	00065	134231		4	14	2000	2007	7	102.12
USGS	08068450	00065	134231		4	15	2000	2007	8	102.03
USGS	08068450	00065	134231		4	16	2000	2007	8	102.04
USGS	08068450	00065	134231		4	17	2000	2007	8	102.15
USGS	08068450	00065	134231		4	18	2000	2007	8	102.06
USGS	08068450	00065	134231		4	19	2000	2007	8	102.00
USGS	08068450	00065	134231		4	20	2000	2007	8	102.00
USGS	08068450	00065	134231		4	21	2001	2007	7	102.12
USGS	08068450	00065	134231		4	22	2000	2007	8	102.04
USGS	08068450	00065	134231		4	23	2000	2007	8	102.03
USGS	08068450	00065	134231		4	24	2000	2007	8	102.25
USGS	08068450	00065	134231		4	25	2000	2007	8	102.17
USGS	08068450	00065	134231		4	26	2000	2007	8	102.11
USGS	08068450	00065	134231		4	27	2000	2007	8	102.00
USGS	08068450	00065	134231		4	28	2000	2007	8	101.96
USGS	08068450	00065	134231		4	29	2000	2007	8	102.04
USGS	08068450	00065	134231		4	30	2000	2007	8	102.06
USGS	08068450	00065	134231		5	1	2000	2007	8	102.85
USGS	08068450	00065	134231		5	2	2000	2007	8	103.14
USGS	08068450	00065	134231		5	3	2000	2007	8	102.73
USGS	08068450	00065	134231		5	4	2000	2007	8	102.52
USGS	08068450	00065	134231		5	5	2000	2007	8	102.68
USGS	08068450	00065	134231		5	6	2000	2007	8	102.39
USGS	08068450	00065	134231		5	7	2000	2007	8	102.29
USGS	08068450	00065	134231		5	8	2000	2007	8	102.42
USGS	08068450	00065	134231		5	9	2000	2007	8	102.33
USGS	08068450	00065	134231		5	10	2000	2007	8	102.15
USGS	08068450	00065	134231		5	11	2000	2007	8	102.29
USGS	08068450	00065	134231		5	12	2001	2007	7	102.45
USGS	08068450	00065	134231		5	13	2000	2007	8	102.48
USGS	08068450	00065	134231		5	14	2000	2007	8	102.89
USGS	08068450	00065	134231		5	15	2000	2007	8	102.50
USGS	08068450	00065	134231		5	16	2000	2007	8	102.18
USGS	08068450	00065	134231		5	17	2000	2007	7	102.08
USGS	08068450	00065	134231		5	18	2000	2007	7	102.04
USGS	08068450	00065	134231		5	19	2000	2007	7	101.99
USGS	08068450	00065	134231		5	20	2000	2007	7	102.81
USGS	08068450	00065	134231		5	21	2000	2007	8	102.41
USGS	08068450	00065	134231		5	22	2000	2007	8	102.34
USGS	08068450	00065	134231		5	23	2000	2007	8	102.17
USGS	08068450	00065	134231		5	24	2000	2007	8	102.00
USGS	08068450	00065	134231		5	25	2000	2007	8	101.98
USGS	08068450	00065	134231		5	26	2000	2007	8	102.07
USGS	08068450	00065	134231		5	27	2000	2007	8	102.15
USGS	08068450	00065	134231		5	28	2000	2007	8	102.09
USGS	08068450	00065	134231		5	29	2000	2007	8	102.33
USGS	08068450	00065	134231		5	30	2000	2007	8	102.24
USGS	08068450	00065	134231		5	31	2000	2007	8	102.17
USGS	08068450	00065	134231		6	1	2000	2007	8	102.10
USGS	08068450	00065	134231		6	2	2000	2007	8	102.11
USGS	08068450	00065	134231		6	3	2000	2007	8	102.00
USGS	08068450	00065	134231		6	4	2000	2007	8	101.97
USGS	08068450	00065	134231		6	5	2000	2007	8	102.05
USGS	08068450	00065	134231		6	6	2000	2007	8	102.65
USGS	08068450	00065	134231		6	7	2000	2007	8	102.32
USGS	08068450	00065	134231		6	8	2000	2007	8	102.65
USGS	08068450	00065	134231		6	9	2000	2007	7	104.03
USGS	08068450	00065	134231		6	10	2000	2007	8	103.18
USGS	08068450	00065	134231		6	11	2000	2007	8	102.68
USGS	08068450	00065	134231		6	12	2000	2007	8	102.32
USGS	08068450	00065	134231		6	13	2000	2007	8	102.15
USGS	08068450	00065	134231		6	14	2000	2007	8	102.41
USGS	08068450	00065	134231		6	15	2000	2007	8	102.94
USGS	08068450	00065	134231		6	16	2000	2007	8	102.87
USGS	08068450	00065	134231		6	17	2000	2007	8	102.55
USGS	08068450	00065	134231		6	18	2000	2007	8	102.33
USGS	08068450	00065	134231		6	19	2000	2007	8	102.30
USGS	08068450	00065	134231		6	20	2000	2007	8	102.52
USGS	08068450	00065	134231		6	21	2000	2007	8	102.18
USGS	08068450	00065	134231		6	22	2000	2007	8	102.13
USGS	08068450	00065	134231		6	23	2000	2007	8	102.15
USGS	08068450	00065	134231		6	24	2000	2007	8	102.14
USGS	08068450	00065	134231		6	25	2000	2007	8	102.11
USGS	08068450	00065	134231		6	26	2000	2007	8	102.17
USGS	08068450	00065	134231		6	27	2000	2007	8	102.37
USGS	08068450	00065	134231		6	28	2000	2007	7	102.98
USGS	08068450	00065	134231		6	29	2000	2007	7	102.54
USGS	08068450	00065	134231		6	30	2000	2007	8	102.65
USGS	08068450	00065	134231		7	1	2000	2007	6	102.09
USGS	08068450	00065	134231		7	2	2000	2007	7	102.41
USGS	08068450	00065	134231		7	3	2000	2007	8	102.59
USGS	08068450	00065	134231		7	4	2000	2007	8	102.29
USGS	08068450	00065	134231		7	5	2000	2007	8	102.45
USGS	08068450	00065	134231		7	6	2000	2007	8	102.39
USGS	08068450	00065	134231		7	7	2000	2007	8	102.27
USGS	08068450	00065	134231		7	8	2000	2007	8	102.33
USGS	08068450	00065	134231		7	9	2000	2007	8	102.10
USGS	08068450	00065	134231		7	10	2000	2007	8	102.02
USGS	08068450	00065	134231		7	11	2000	2007	8	101.98
USGS	08068450	00065	134231		7	12	2000	2007	8	101.95
USGS	08068450	00065	134231		7	13	2000	2007	8	102.11
USGS	08068450	00065	134231		7	14	2000	2007	7	102.04
USGS	08068450	00065	134231		7	15	2000	2007	7	102.57
USGS	08068450	00065	134231		7	16	2000	2007	8	102.63
USGS	08068450	00065	134231		7	17	2000	2007	8	102.29
USGS	08068450	00065	134231		7	18	2000	2007	7	102.12
USGS	08068450	00065	134231		7	19	2000	2007	8	102.07
USGS	08068450	00065	134231		7	20	2000	2007	7	102.13
USGS	08068450	00065	134231		7	21	2000	2007	6	102.07
USGS	08068450	00065	134231		7	22	2000	2007	8	102.09
USGS	08068450	00065	134231		7	23	2000	2007	8	102.07
USGS	08068450	00065	134231		7	24	2000	2007	8	101.99
USGS	08068450	00065	134231		7	25	2000	2007	7	101.95
USGS	08068450	00065	134231		7	26	2000	2007	7	102.00
USGS	08068450	00065	134231		7	27	2000	2007	8	101.98
USGS	08068450	00065	134231		7	28	2000	2007	8	101.92
USGS	08068450	00065	134231		7	29	2000	2007	8	101.90
USGS	08068450	00065	134231		7	30	2000	2007	8	101.88
USGS	08068450	00065	134231		7	31	2000	2007	8	101.85
USGS	08068450	00065	134231		8	1	2000	2007	8	101.85
USGS	08068450	00065	134231		8	2	2000	2007	8	101.90
USGS	08068450	00065	134231		8	3	2000	2007	6	101.93
USGS	08068450	00065	134231		8	4	2000	2007	7	101.88
USGS	08068450	00065	134231		8	5	2000	2007	7	101.84
USGS	08068450	00065	134231		8	6	2000	2007	8	101.85
USGS	08068450	00065	134231		8	7	2000	2007	8	101.86
USGS	08068450	00065	134231		8	8	2000	2007	8	101.89
USGS	08068450	00065	134231		8	9	2000	2007	8	101.89
USGS	08068450	00065	134231		8	10	2001	2007	7	102.03
USGS	08068450	00065	134231		8	11	2000	2007	8	101.90
USGS	08068450	00065	134231		8	12	2000	2007	8	101.92
USGS	08068450	00065	134231		8	13	1999	2007	9	101.82
USGS	08068450	00065	134231		8	14	1999	2007	9	101.81
USGS	08068450	00065	134231		8	15	1999	2007	9	101.84
USGS	08068450	00065	134231		8	16	1999	2007	9	101.98
USGS	08068450	00065	134231		8	17	1999	2007	9	101.99
USGS	08068450	00065	134231		8	18	1999	2007	9	102.07
USGS	08068450	00065	134231		8	19	1999	2007	8	101.92
USGS	08068450	00065	134231		8	20	1999	2007	8	101.94
USGS	08068450	00065	134231		8	21	1999	2007	9	102.20
USGS	08068450	00065	134231		8	22	1999	2007	9	102.12
USGS	08068450	00065	134231		8	23	1999	2007	9	102.14
USGS	08068450	00065	134231		8	24	1999	2007	9	101.95
USGS	08068450	00065	134231		8	25	1999	2007	9	101.87
USGS	08068450	00065	134231		8	26	1999	2007	9	101.84
USGS	08068450	00065	134231		8	27	1999	2007	9	101.85
USGS	08068450	00065	134231		8	28	1999	2007	9	102.03
USGS	08068450	00065	134231		8	29	1999	2007	9	102.02
USGS	08068450	00065	134231		8	30	1999	2007	9	101.99
USGS	08068450	00065	134231		8	31	1999	2007	9	102.01
USGS	08068450	00065	134231		9	1	1999	2007	9	102.23
USGS	08068450	00065	134231		9	2	1999	2007	9	102.27
USGS	08068450	00065	134231		9	3	1999	2007	8	102.03
USGS	08068450	00065	134231		9	4	1999	2007	8	102.05
USGS	08068450	00065	134231		9	5	1999	2007	9	102.01
USGS	08068450	00065	134231		9	6	1999	2007	9	101.98
USGS	08068450	00065	134231		9	7	1999	2007	9	102.10
USGS	08068450	00065	134231		9	8	1999	2007	9	102.04
USGS	08068450	00065	134231		9	9	1999	2007	9	102.35
USGS	08068450	00065	134231		9	10	1999	2007	9	102.38
USGS	08068450	00065	134231		9	11	1999	2007	8	102.12
USGS	08068450	00065	134231		9	12	1999	2007	9	102.49
USGS	08068450	00065	134231		9	13	1999	2007	9	102.27
USGS	08068450	00065	134231		9	14	1999	2007	9	102.16
USGS	08068450	00065	134231		9	15	1999	2007	9	102.08
USGS	08068450	00065	134231		9	16	1999	2007	9	101.95
USGS	08068450	00065	134231		9	17	1999	2007	9	101.94
USGS	08068450	00065	134231		9	18	1999	2007	9	101.99
USGS	08068450	00065	134231		9	19	1999	2007	9	102.01
USGS	08068450	00065	134231		9	20	1999	2007	9	102.59
USGS	08068450	00065	134231		9	21	1999	2007	9	102.21
USGS	08068450	00065	134231		9	22	1999	2007	9	102.08
USGS	08068450	00065	134231		9	23	1999	2007	9	102.24
USGS	08068450	00065	134231		9	24	2000	2007	8	102.43
USGS	08068450	00065	134231		9	25	2000	2007	7	102.03
USGS	08068450	00065	134231		9	26	2000	2007	7	101.91
USGS	08068450	00065	134231		9	27	2000	2007	8	101.89
USGS	08068450	00065	134231		9	28	1999	2007	9	101.86
USGS	08068450	00065	134231		9	29	1999	2007	8	101.92
USGS	08068450	00065	134231		9	30	1999	2007	8	101.84
USGS	08068450	00065	134231		10	1	2000	2007	8	101.85
USGS	08068450	00065	134231		10	2	2000	2007	8	101.85
USGS	08068450	00065	134231		10	3	2000	2007	8	101.88
USGS	08068450	00065	134231		10	4	2000	2007	8	101.86
USGS	08068450	00065	134231		10	5	2000	2007	8	102.10
USGS	08068450	00065	134231		10	6	2000	2007	8	102.60
USGS	08068450	00065	134231		10	7	2000	2007	8	102.13
USGS	08068450	00065	134231		10	8	2000	2007	7	102.05
USGS	08068450	00065	134231		10	9	2000	2007	7	102.70
USGS	08068450	00065	134231		10	10	2000	2007	8	102.83
USGS	08068450	00065	134231		10	11	2000	2007	8	102.58
USGS	08068450	00065	134231		10	12	2000	2007	8	102.69
USGS	08068450	00065	134231		10	13	2000	2007	8	102.90
USGS	08068450	00065	134231		10	14	2000	2007	8	102.45
USGS	08068450	00065	134231		10	15	2000	2007	7	102.18
USGS	08068450	00065	134231		10	16	2000	2007	8	102.99
USGS	08068450	00065	134231		10	17	2000	2007	8	102.89
USGS	08068450	00065	134231		10	18	2001	2007	7	102.37
USGS	08068450	00065	134231		10	19	2001	2007	7	102.70
USGS	08068450	00065	134231		10	20	2000	2007	8	102.31
USGS	08068450	00065	134231		10	21	2000	2007	8	102.12
USGS	08068450	00065	134231		10	22	2000	2007	8	102.66
USGS	08068450	00065	134231		10	23	2000	2007	8	102.79
USGS	08068450	00065	134231		10	24	2000	2007	8	102.50
USGS	08068450	00065	134231		10	25	2000	2007	8	102.71
USGS	08068450	00065	134231		10	26	2001	2007	7	103.09
USGS	08068450	00065	134231		10	27	2001	2007	7	103.31
USGS	08068450	00065	134231		10	28	2001	2007	7	102.60
USGS	08068450	00065	134231		10	29	2001	2007	7	103.31
USGS	08068450	00065	134231		10	30	2001	2007	7	102.61
USGS	08068450	00065	134231		10	31	2001	2007	7	102.26
USGS	08068450	00065	134231		11	1	2001	2007	7	102.25
USGS	08068450	00065	134231		11	2	2000	2007	8	102.28
USGS	08068450	00065	134231		11	3	2000	2007	8	102.60
USGS	08068450	00065	134231		11	4	2000	2007	8	103.40
USGS	08068450	00065	134231		11	5	2000	2007	8	103.11
USGS	08068450	00065	134231		11	6	2000	2007	8	102.78
USGS	08068450	00065	134231		11	7	2000	2007	8	102.40
USGS	08068450	00065	134231		11	8	2000	2007	8	102.10
USGS	08068450	00065	134231		11	9	2000	2007	8	102.01
USGS	08068450	00065	134231		11	10	2000	2007	8	101.97
USGS	08068450	00065	134231		11	11	2001	2007	7	101.99
USGS	08068450	00065	134231		11	12	2001	2007	7	101.99
USGS	08068450	00065	134231		11	13	2001	2007	7	102.07
USGS	08068450	00065	134231		11	14	2001	2007	7	101.95
USGS	08068450	00065	134231		11	15	2001	2007	7	101.93
USGS	08068450	00065	134231		11	16	2001	2007	7	102.27
USGS	08068450	00065	134231		11	17	2001	2007	7	103.24
USGS	08068450	00065	134231		11	18	2001	2007	7	103.75
USGS	08068450	00065	134231		11	19	2000	2007	8	102.86
USGS	08068450	00065	134231		11	20	2000	2007	8	102.63
USGS	08068450	00065	134231		11	21	2000	2007	8	102.39
USGS	08068450	00065	134231		11	22	2000	2007	7	102.73
USGS	08068450	00065	134231		11	23	2000	2007	7	102.92
USGS	08068450	00065	134231		11	24	2000	2007	8	103.25
USGS	08068450	00065	134231		11	25	2000	2007	8	102.52
USGS	08068450	00065	134231		11	26	2000	2007	8	102.23
USGS	08068450	00065	134231		11	27	2000	2007	8	102.38
USGS	08068450	00065	134231		11	28	2000	2007	8	102.45
USGS	08068450	00065	134231		11	29	2000	2007	8	102.21
USGS	08068450	00065	134231		11	30	2000	2007	8	102.13
USGS	08068450	00065	134231		12	1	2000	2007	8	102.08
USGS	08068450	00065	134231		12	2	2000	2007	8	102.06
USGS	08068450	00065	134231		12	3	2000	2007	8	102.08
USGS	08068450	00065	134231		12	4	2000	2007	8	102.09
USGS	08068450	00065	134231		12	5	2000	2007	8	102.19
USGS	08068450	00065	134231		12	6	2001	2007	7	102.02
USGS	08068450	00065	134231		12	7	2000	2007	8	102.06
USGS	08068450	00065	134231		12	8	2000	2007	8	102.11
USGS	08068450	00065	134231		12	9	2001	2007	7	102.16
USGS	08068450	00065	134231		12	10	2000	2007	8	102.14
USGS	08068450	00065	134231		12	11	2000	2007	8	102.16
USGS	08068450	00065	134231		12	12	2000	2007	8	103.32
USGS	08068450	00065	134231		12	13	2000	2007	8	103.46
USGS	08068450	00065	134231		12	14	2000	2007	8	102.79
USGS	08068450	00065	134231		12	15	2000	2007	8	102.41
USGS	08068450	00065	134231		12	16	2000	2007	8	102.22
USGS	08068450	00065	134231		12	17	2000	2007	8	102.39
USGS	08068450	00065	134231		12	18	2000	2007	8	102.15
USGS	08068450	00065	134231		12	19	2000	2007	8	102.06
USGS	08068450	00065	134231		12	20	2000	2007	8	102.03
USGS	08068450	00065	134231		12	21	2000	2007	8	101.99
USGS	08068450	00065	134231		12	22	2000	2007	8	102.16
USGS	08068450	00065	134231		12	23	2000	2007	8	102.14
USGS	08068450	00065	134231		12	24	2000	2007	8	102.51
USGS	08068450	00065	134231		12	25	2000	2007	8	102.56
USGS	08068450	00065	134231		12	26	2000	2007	8	102.18
USGS	08068450	00065	134231		12	27	2000	2007	8	102.06
USGS	08068450	00065	134231		12	28	2000	2007	8	102.03
USGS	08068450	00065	134231		12	29	2000	2007	8	102.09
USGS	08068450	00065	134231		12	30	2000	2007	8	102.08
USGS	08068450	00065	134231		12	31	2000	2007	8	102.38
