#
#
# US Geological Survey, Water Resources Data
# retrieved: 2019-02-26 15:07:59 -05:00	(natwebcaas01)
#
# This file contains USGS Daily Statistics
#
# Note:The statistics generated are based on approved daily-mean data and may not match those published by the USGS in official publications.
# The user is responsible for assessment and use of statistics from this site.
# For more details on why the statistics may not match, visit http://help.waterdata.usgs.gov/faq/about-statistics.
#
# Data heading explanations.
# agency_cd       -- agency code
# site_no         -- Site identification number
# parameter_cd    -- Parameter code
# station_nm      -- Site name
# loc_web_ds      -- Additional measurement description
#
# Data for the following 1 site(s) are contained in this file
# agency_cd   site_no      parameter_cd   station_nm (loc_web_ds)
# USGS        08069500     00065          W Fk San Jacinto Rv nr Humble, TX
#
# Explanation of Parameter Codes
# parameter_cd	Parameter Name
# 00065         Gage height, feet
#
# Data heading explanations.
# month_nu    ... The month for which the statistics apply.
# day_nu      ... The day for which the statistics apply.
# begin_yr    ... First water year of data of daily mean values for this day.
# end_yr      ... Last water year of data of daily mean values for this day.
# count_nu    ... Number of values used in the calculation.
# mean_va     ... Mean of daily mean values for this day.
#
agency_cd	site_no	parameter_cd	ts_id	loc_web_ds	month_nu	day_nu	begin_yr	end_yr	count_nu	mean_va
5s	15s	5s	10n	15s	3n	3n	6n	6n	8n	12s
USGS	08069500	00065	134263		1	1	2011	2017	7	42.54
USGS	08069500	00065	134263		1	2	2011	2017	7	42.60
USGS	08069500	00065	134263		1	3	2011	2017	7	42.79
USGS	08069500	00065	134263		1	4	2011	2017	7	42.65
USGS	08069500	00065	134263		1	5	2011	2017	7	42.65
USGS	08069500	00065	134263		1	6	2011	2017	7	42.62
USGS	08069500	00065	134263		1	7	2011	2017	7	43.02
USGS	08069500	00065	134263		1	8	2011	2017	7	42.76
USGS	08069500	00065	134263		1	9	2011	2017	7	42.94
USGS	08069500	00065	134263		1	10	2011	2017	7	43.43
USGS	08069500	00065	134263		1	11	2011	2017	7	43.04
USGS	08069500	00065	134263		1	12	2011	2017	7	42.94
USGS	08069500	00065	134263		1	13	2011	2017	7	42.78
USGS	08069500	00065	134263		1	14	2011	2017	6	42.68
USGS	08069500	00065	134263		1	15	2011	2017	6	42.62
USGS	08069500	00065	134263		1	16	2011	2017	6	42.63
USGS	08069500	00065	134263		1	17	2011	2017	7	42.69
USGS	08069500	00065	134263		1	18	2011	2017	7	43.22
USGS	08069500	00065	134263		1	19	2011	2017	7	43.35
USGS	08069500	00065	134263		1	20	2011	2017	7	43.27
USGS	08069500	00065	134263		1	21	2011	2017	7	43.41
USGS	08069500	00065	134263		1	22	2011	2017	7	43.17
USGS	08069500	00065	134263		1	23	2011	2017	7	42.99
USGS	08069500	00065	134263		1	24	2011	2017	7	42.93
USGS	08069500	00065	134263		1	25	2011	2017	7	43.05
USGS	08069500	00065	134263		1	26	2011	2017	7	43.20
USGS	08069500	00065	134263		1	27	2011	2017	7	42.88
USGS	08069500	00065	134263		1	28	2011	2017	7	42.73
USGS	08069500	00065	134263		1	29	2011	2017	7	42.63
USGS	08069500	00065	134263		1	30	2011	2017	7	42.57
USGS	08069500	00065	134263		1	31	2011	2017	7	42.53
USGS	08069500	00065	134263		2	1	2011	2017	7	42.51
USGS	08069500	00065	134263		2	2	2011	2017	7	42.43
USGS	08069500	00065	134263		2	3	2011	2017	7	42.47
USGS	08069500	00065	134263		2	4	2011	2017	7	42.58
USGS	08069500	00065	134263		2	5	2011	2017	7	42.62
USGS	08069500	00065	134263		2	6	2011	2017	7	42.52
USGS	08069500	00065	134263		2	7	2011	2017	7	42.45
USGS	08069500	00065	134263		2	8	2011	2017	7	42.36
USGS	08069500	00065	134263		2	9	2011	2017	7	42.30
USGS	08069500	00065	134263		2	10	2011	2017	7	42.35
USGS	08069500	00065	134263		2	11	2011	2017	7	42.38
USGS	08069500	00065	134263		2	12	2011	2017	7	42.36
USGS	08069500	00065	134263		2	13	2011	2017	7	42.37
USGS	08069500	00065	134263		2	14	2011	2017	7	42.45
USGS	08069500	00065	134263		2	15	2011	2017	7	42.54
USGS	08069500	00065	134263		2	16	2011	2017	7	42.65
USGS	08069500	00065	134263		2	17	2011	2017	7	42.62
USGS	08069500	00065	134263		2	18	2011	2017	7	43.03
USGS	08069500	00065	134263		2	19	2011	2017	7	43.17
USGS	08069500	00065	134263		2	20	2011	2017	7	43.07
USGS	08069500	00065	134263		2	21	2011	2017	7	43.38
USGS	08069500	00065	134263		2	22	2011	2017	7	43.16
USGS	08069500	00065	134263		2	23	2011	2017	7	43.23
USGS	08069500	00065	134263		2	24	2011	2017	7	43.05
USGS	08069500	00065	134263		2	25	2011	2017	7	42.81
USGS	08069500	00065	134263		2	26	2011	2017	7	42.82
USGS	08069500	00065	134263		2	27	2011	2017	7	42.74
USGS	08069500	00065	134263		2	28	2011	2017	7	42.64
USGS	08069500	00065	134263		2	29	2012	2016	2	42.83
USGS	08069500	00065	134263		3	1	2011	2017	7	42.57
USGS	08069500	00065	134263		3	2	2011	2017	7	42.53
USGS	08069500	00065	134263		3	3	2011	2017	7	42.47
USGS	08069500	00065	134263		3	4	2011	2017	7	42.50
USGS	08069500	00065	134263		3	5	2011	2017	7	42.50
USGS	08069500	00065	134263		3	6	2011	2017	7	42.50
USGS	08069500	00065	134263		3	7	2011	2017	7	42.48
USGS	08069500	00065	134263		3	8	2011	2017	7	42.50
USGS	08069500	00065	134263		3	9	2011	2017	7	42.99
USGS	08069500	00065	134263		3	10	2011	2017	7	44.23
USGS	08069500	00065	134263		3	11	2011	2017	7	44.78
USGS	08069500	00065	134263		3	12	2011	2017	7	45.43
USGS	08069500	00065	134263		3	13	2011	2017	7	45.21
USGS	08069500	00065	134263		3	14	2011	2017	7	44.58
USGS	08069500	00065	134263		3	15	2011	2017	7	43.90
USGS	08069500	00065	134263		3	16	2011	2017	7	43.23
USGS	08069500	00065	134263		3	17	2011	2017	7	42.84
USGS	08069500	00065	134263		3	18	2011	2017	7	42.66
USGS	08069500	00065	134263		3	19	2011	2017	7	42.63
USGS	08069500	00065	134263		3	20	2011	2017	7	42.71
USGS	08069500	00065	134263		3	21	2011	2017	7	42.94
USGS	08069500	00065	134263		3	22	2011	2017	7	42.92
USGS	08069500	00065	134263		3	23	2011	2017	7	42.93
USGS	08069500	00065	134263		3	24	2011	2017	7	43.05
USGS	08069500	00065	134263		3	25	2011	2017	7	43.03
USGS	08069500	00065	134263		3	26	2011	2017	7	42.73
USGS	08069500	00065	134263		3	27	2011	2017	7	42.48
USGS	08069500	00065	134263		3	28	2011	2017	7	42.42
USGS	08069500	00065	134263		3	29	2011	2017	7	42.57
USGS	08069500	00065	134263		3	30	2011	2017	7	42.57
USGS	08069500	00065	134263		3	31	2011	2017	7	42.45
USGS	08069500	00065	134263		4	1	2011	2017	7	42.44
USGS	08069500	00065	134263		4	2	2011	2017	7	42.44
USGS	08069500	00065	134263		4	3	2011	2017	7	42.57
USGS	08069500	00065	134263		4	4	2011	2017	7	42.59
USGS	08069500	00065	134263		4	5	2011	2017	7	42.59
USGS	08069500	00065	134263		4	6	2011	2017	7	42.61
USGS	08069500	00065	134263		4	7	2011	2017	7	42.58
USGS	08069500	00065	134263		4	8	2011	2017	7	42.53
USGS	08069500	00065	134263		4	9	2011	2017	7	42.52
USGS	08069500	00065	134263		4	10	2011	2017	7	42.52
USGS	08069500	00065	134263		4	11	2011	2017	7	42.55
USGS	08069500	00065	134263		4	12	2011	2017	7	42.62
USGS	08069500	00065	134263		4	13	2011	2017	7	42.57
USGS	08069500	00065	134263		4	14	2011	2017	7	42.55
USGS	08069500	00065	134263		4	15	2011	2017	7	42.52
USGS	08069500	00065	134263		4	16	2011	2017	7	42.57
USGS	08069500	00065	134263		4	17	2011	2017	7	42.97
USGS	08069500	00065	134263		4	18	2011	2017	7	44.10
USGS	08069500	00065	134263		4	19	2011	2017	7	44.59
USGS	08069500	00065	134263		4	20	2011	2017	7	44.73
USGS	08069500	00065	134263		4	21	2011	2017	7	44.54
USGS	08069500	00065	134263		4	22	2011	2017	7	44.05
USGS	08069500	00065	134263		4	23	2011	2017	7	43.55
USGS	08069500	00065	134263		4	24	2011	2017	7	43.09
USGS	08069500	00065	134263		4	25	2011	2017	7	42.82
USGS	08069500	00065	134263		4	26	2011	2017	7	42.57
USGS	08069500	00065	134263		4	27	2011	2017	7	42.48
USGS	08069500	00065	134263		4	28	2011	2017	7	42.51
USGS	08069500	00065	134263		4	29	2011	2017	7	42.51
USGS	08069500	00065	134263		4	30	2011	2017	7	42.63
USGS	08069500	00065	134263		5	1	2011	2017	7	42.90
USGS	08069500	00065	134263		5	2	2011	2017	7	42.74
USGS	08069500	00065	134263		5	3	2011	2017	7	42.58
USGS	08069500	00065	134263		5	4	2011	2017	7	42.57
USGS	08069500	00065	134263		5	5	2011	2017	7	42.48
USGS	08069500	00065	134263		5	6	2011	2017	7	42.21
USGS	08069500	00065	134263		5	7	2011	2017	7	42.12
USGS	08069500	00065	134263		5	8	2011	2017	7	42.09
USGS	08069500	00065	134263		5	9	2011	2017	7	42.08
USGS	08069500	00065	134263		5	10	2011	2017	7	42.11
USGS	08069500	00065	134263		5	11	2011	2017	7	42.14
USGS	08069500	00065	134263		5	12	2011	2017	7	42.22
USGS	08069500	00065	134263		5	13	2011	2017	7	43.37
USGS	08069500	00065	134263		5	14	2010	2017	8	43.62
USGS	08069500	00065	134263		5	15	2010	2017	8	43.49
USGS	08069500	00065	134263		5	16	2010	2017	8	43.76
USGS	08069500	00065	134263		5	17	2010	2017	8	43.61
USGS	08069500	00065	134263		5	18	2010	2017	8	43.38
USGS	08069500	00065	134263		5	19	2010	2017	8	43.12
USGS	08069500	00065	134263		5	20	2010	2017	8	43.16
USGS	08069500	00065	134263		5	21	2010	2017	8	43.09
USGS	08069500	00065	134263		5	22	2010	2017	8	42.97
USGS	08069500	00065	134263		5	23	2010	2017	8	42.84
USGS	08069500	00065	134263		5	24	2010	2017	8	42.64
USGS	08069500	00065	134263		5	25	2010	2017	8	42.58
USGS	08069500	00065	134263		5	26	2010	2017	8	43.37
USGS	08069500	00065	134263		5	27	2010	2017	8	44.98
USGS	08069500	00065	134263		5	28	2010	2017	8	46.29
USGS	08069500	00065	134263		5	29	2010	2017	8	46.71
USGS	08069500	00065	134263		5	30	2010	2017	8	46.15
USGS	08069500	00065	134263		5	31	2010	2017	8	45.42
USGS	08069500	00065	134263		6	1	2010	2017	8	44.39
USGS	08069500	00065	134263		6	2	2010	2017	8	44.29
USGS	08069500	00065	134263		6	3	2010	2017	8	44.01
USGS	08069500	00065	134263		6	4	2010	2017	8	43.57
USGS	08069500	00065	134263		6	5	2010	2017	8	43.30
USGS	08069500	00065	134263		6	6	2010	2017	8	42.99
USGS	08069500	00065	134263		6	7	2010	2017	8	42.59
USGS	08069500	00065	134263		6	8	2010	2017	8	42.49
USGS	08069500	00065	134263		6	9	2010	2017	8	42.40
USGS	08069500	00065	134263		6	10	2010	2017	8	42.38
USGS	08069500	00065	134263		6	11	2010	2017	8	42.37
USGS	08069500	00065	134263		6	12	2010	2017	8	42.43
USGS	08069500	00065	134263		6	13	2010	2017	8	42.63
USGS	08069500	00065	134263		6	14	2010	2017	8	42.48
USGS	08069500	00065	134263		6	15	2010	2017	8	42.37
USGS	08069500	00065	134263		6	16	2010	2017	8	42.31
USGS	08069500	00065	134263		6	17	2010	2017	8	42.42
USGS	08069500	00065	134263		6	18	2010	2017	8	42.33
USGS	08069500	00065	134263		6	19	2010	2017	8	42.47
USGS	08069500	00065	134263		6	20	2010	2017	8	42.72
USGS	08069500	00065	134263		6	21	2010	2017	8	43.05
USGS	08069500	00065	134263		6	22	2010	2017	8	42.80
USGS	08069500	00065	134263		6	23	2010	2017	8	42.51
USGS	08069500	00065	134263		6	24	2010	2017	8	42.30
USGS	08069500	00065	134263		6	25	2010	2017	8	42.26
USGS	08069500	00065	134263		6	26	2010	2017	8	42.21
USGS	08069500	00065	134263		6	27	2010	2017	8	42.15
USGS	08069500	00065	134263		6	28	2010	2017	8	42.44
USGS	08069500	00065	134263		6	29	2010	2017	8	42.29
USGS	08069500	00065	134263		6	30	2010	2017	8	42.19
USGS	08069500	00065	134263		7	1	2010	2017	8	42.46
USGS	08069500	00065	134263		7	2	2010	2017	8	42.47
USGS	08069500	00065	134263		7	3	2010	2017	8	42.72
USGS	08069500	00065	134263		7	4	2010	2017	8	42.22
USGS	08069500	00065	134263		7	5	2010	2017	8	42.03
USGS	08069500	00065	134263		7	6	2010	2017	8	41.99
USGS	08069500	00065	134263		7	7	2010	2017	8	41.98
USGS	08069500	00065	134263		7	8	2010	2017	8	42.04
USGS	08069500	00065	134263		7	9	2010	2017	8	42.01
USGS	08069500	00065	134263		7	10	2010	2017	8	42.28
USGS	08069500	00065	134263		7	11	2010	2017	8	42.32
USGS	08069500	00065	134263		7	12	2010	2017	8	42.50
USGS	08069500	00065	134263		7	13	2010	2017	8	43.05
USGS	08069500	00065	134263		7	14	2010	2017	8	43.14
USGS	08069500	00065	134263		7	15	2010	2017	8	43.05
USGS	08069500	00065	134263		7	16	2010	2017	8	42.67
USGS	08069500	00065	134263		7	17	2010	2017	8	42.37
USGS	08069500	00065	134263		7	18	2010	2017	8	42.37
USGS	08069500	00065	134263		7	19	2010	2017	8	42.28
USGS	08069500	00065	134263		7	20	2010	2017	8	42.18
USGS	08069500	00065	134263		7	21	2010	2017	8	42.13
USGS	08069500	00065	134263		7	22	2010	2017	8	42.16
USGS	08069500	00065	134263		7	23	2010	2017	8	42.18
USGS	08069500	00065	134263		7	24	2010	2017	8	42.10
USGS	08069500	00065	134263		7	25	2010	2017	8	42.05
USGS	08069500	00065	134263		7	26	2010	2017	8	42.05
USGS	08069500	00065	134263		7	27	2010	2017	8	42.08
USGS	08069500	00065	134263		7	28	2010	2017	8	42.10
USGS	08069500	00065	134263		7	29	2010	2017	8	42.08
USGS	08069500	00065	134263		7	30	2010	2017	8	42.05
USGS	08069500	00065	134263		7	31	2010	2017	8	42.03
USGS	08069500	00065	134263		8	1	2010	2017	8	42.10
USGS	08069500	00065	134263		8	2	2010	2017	8	41.97
USGS	08069500	00065	134263		8	3	2010	2017	8	41.96
USGS	08069500	00065	134263		8	4	2010	2017	8	41.94
USGS	08069500	00065	134263		8	5	2010	2017	8	41.93
USGS	08069500	00065	134263		8	6	2010	2017	8	41.91
USGS	08069500	00065	134263		8	7	2010	2017	8	41.90
USGS	08069500	00065	134263		8	8	2010	2017	8	42.48
USGS	08069500	00065	134263		8	9	2010	2017	8	42.19
USGS	08069500	00065	134263		8	10	2010	2017	8	41.92
USGS	08069500	00065	134263		8	11	2010	2017	8	41.84
USGS	08069500	00065	134263		8	12	2010	2017	8	41.79
USGS	08069500	00065	134263		8	13	2010	2017	8	41.78
USGS	08069500	00065	134263		8	14	2010	2017	8	42.00
USGS	08069500	00065	134263		8	15	2010	2017	8	42.37
USGS	08069500	00065	134263		8	16	2010	2017	8	42.26
USGS	08069500	00065	134263		8	17	2010	2017	8	42.07
USGS	08069500	00065	134263		8	18	2010	2017	8	42.05
USGS	08069500	00065	134263		8	19	2010	2017	8	42.05
USGS	08069500	00065	134263		8	20	2010	2017	8	42.06
USGS	08069500	00065	134263		8	21	2010	2017	8	42.10
USGS	08069500	00065	134263		8	22	2010	2017	8	42.08
USGS	08069500	00065	134263		8	23	2010	2017	8	42.03
USGS	08069500	00065	134263		8	24	2010	2017	8	41.93
USGS	08069500	00065	134263		8	25	2010	2017	8	41.91
USGS	08069500	00065	134263		8	26	2010	2017	8	42.41
USGS	08069500	00065	134263		8	27	2010	2017	8	43.54
USGS	08069500	00065	134263		8	28	2010	2017	8	44.39
USGS	08069500	00065	134263		8	29	2010	2016	7	41.72
USGS	08069500	00065	134263		8	30	2010	2017	8	44.78
USGS	08069500	00065	134263		8	31	2010	2017	8	43.92
USGS	08069500	00065	134263		9	1	2010	2017	8	43.24
USGS	08069500	00065	134263		9	2	2010	2017	8	42.71
USGS	08069500	00065	134263		9	3	2010	2017	8	42.39
USGS	08069500	00065	134263		9	4	2010	2017	8	42.10
USGS	08069500	00065	134263		9	5	2010	2017	8	41.96
USGS	08069500	00065	134263		9	6	2010	2017	8	41.90
USGS	08069500	00065	134263		9	7	2010	2017	8	42.01
USGS	08069500	00065	134263		9	8	2010	2017	8	42.14
USGS	08069500	00065	134263		9	9	2010	2017	8	41.97
USGS	08069500	00065	134263		9	10	2010	2017	8	41.95
USGS	08069500	00065	134263		9	11	2010	2017	8	41.96
USGS	08069500	00065	134263		9	12	2010	2017	8	41.93
USGS	08069500	00065	134263		9	13	2010	2017	8	41.91
USGS	08069500	00065	134263		9	14	2010	2017	8	41.94
USGS	08069500	00065	134263		9	15	2010	2017	8	41.92
USGS	08069500	00065	134263		9	16	2010	2017	8	41.91
USGS	08069500	00065	134263		9	17	2010	2017	8	41.91
USGS	08069500	00065	134263		9	18	2010	2017	8	42.13
USGS	08069500	00065	134263		9	19	2010	2017	8	42.45
USGS	08069500	00065	134263		9	20	2010	2017	8	42.29
USGS	08069500	00065	134263		9	21	2010	2017	8	42.41
USGS	08069500	00065	134263		9	22	2010	2017	8	42.25
USGS	08069500	00065	134263		9	23	2010	2017	8	42.12
USGS	08069500	00065	134263		9	24	2010	2017	8	42.04
USGS	08069500	00065	134263		9	25	2010	2017	8	41.99
USGS	08069500	00065	134263		9	26	2010	2017	8	41.98
USGS	08069500	00065	134263		9	27	2010	2017	8	41.97
USGS	08069500	00065	134263		9	28	2010	2017	8	41.95
USGS	08069500	00065	134263		9	29	2010	2017	8	41.97
USGS	08069500	00065	134263		9	30	2010	2017	8	42.07
USGS	08069500	00065	134263		10	1	2011	2018	8	42.02
USGS	08069500	00065	134263		10	2	2011	2018	8	41.99
USGS	08069500	00065	134263		10	3	2011	2018	8	42.03
USGS	08069500	00065	134263		10	4	2011	2018	8	42.02
USGS	08069500	00065	134263		10	5	2011	2018	8	41.96
USGS	08069500	00065	134263		10	6	2011	2018	8	41.93
USGS	08069500	00065	134263		10	7	2011	2018	8	41.90
USGS	08069500	00065	134263		10	8	2011	2018	8	41.88
USGS	08069500	00065	134263		10	9	2011	2018	8	41.96
USGS	08069500	00065	134263		10	10	2011	2018	8	42.24
USGS	08069500	00065	134263		10	11	2011	2018	8	41.99
USGS	08069500	00065	134263		10	12	2011	2018	8	41.83
USGS	08069500	00065	134263		10	13	2011	2018	8	41.83
USGS	08069500	00065	134263		10	14	2011	2018	8	41.85
USGS	08069500	00065	134263		10	15	2011	2018	8	41.83
USGS	08069500	00065	134263		10	16	2011	2018	8	41.78
USGS	08069500	00065	134263		10	17	2011	2018	8	41.78
USGS	08069500	00065	134263		10	18	2011	2018	8	41.76
USGS	08069500	00065	134263		10	19	2011	2018	8	41.90
USGS	08069500	00065	134263		10	20	2011	2018	8	41.84
USGS	08069500	00065	134263		10	21	2011	2018	8	41.80
USGS	08069500	00065	134263		10	22	2011	2018	8	41.80
USGS	08069500	00065	134263		10	23	2011	2018	8	41.79
USGS	08069500	00065	134263		10	24	2011	2018	8	41.78
USGS	08069500	00065	134263		10	25	2011	2018	8	42.40
USGS	08069500	00065	134263		10	26	2011	2018	8	42.18
USGS	08069500	00065	134263		10	27	2011	2018	8	41.96
USGS	08069500	00065	134263		10	28	2011	2018	8	41.88
USGS	08069500	00065	134263		10	29	2011	2018	8	41.81
USGS	08069500	00065	134263		10	30	2011	2018	8	41.83
USGS	08069500	00065	134263		10	31	2011	2018	8	42.59
USGS	08069500	00065	134263		11	1	2011	2018	8	42.89
USGS	08069500	00065	134263		11	2	2011	2018	8	42.34
USGS	08069500	00065	134263		11	3	2011	2018	8	42.10
USGS	08069500	00065	134263		11	4	2011	2018	8	42.01
USGS	08069500	00065	134263		11	5	2011	2018	8	41.94
USGS	08069500	00065	134263		11	6	2011	2018	8	41.89
USGS	08069500	00065	134263		11	7	2011	2018	8	41.91
USGS	08069500	00065	134263		11	8	2011	2018	8	41.95
USGS	08069500	00065	134263		11	9	2011	2018	8	41.97
USGS	08069500	00065	134263		11	10	2011	2018	8	41.95
USGS	08069500	00065	134263		11	11	2011	2018	8	41.95
USGS	08069500	00065	134263		11	12	2011	2018	8	41.93
USGS	08069500	00065	134263		11	13	2011	2018	8	41.90
USGS	08069500	00065	134263		11	14	2011	2018	8	41.90
USGS	08069500	00065	134263		11	15	2011	2018	8	41.92
USGS	08069500	00065	134263		11	16	2011	2018	8	42.04
USGS	08069500	00065	134263		11	17	2011	2018	8	42.06
USGS	08069500	00065	134263		11	18	2011	2018	8	42.16
USGS	08069500	00065	134263		11	19	2011	2018	8	42.06
USGS	08069500	00065	134263		11	20	2011	2018	8	42.18
USGS	08069500	00065	134263		11	21	2011	2018	8	42.21
USGS	08069500	00065	134263		11	22	2011	2018	8	42.24
USGS	08069500	00065	134263		11	23	2011	2018	8	42.29
USGS	08069500	00065	134263		11	24	2011	2018	8	42.19
USGS	08069500	00065	134263		11	25	2011	2018	7	42.06
USGS	08069500	00065	134263		11	26	2011	2018	7	42.08
USGS	08069500	00065	134263		11	27	2011	2018	8	42.40
USGS	08069500	00065	134263		11	28	2011	2018	8	42.31
USGS	08069500	00065	134263		11	29	2011	2018	8	42.31
USGS	08069500	00065	134263		11	30	2011	2018	8	42.25
USGS	08069500	00065	134263		12	1	2011	2018	8	42.22
USGS	08069500	00065	134263		12	2	2011	2018	8	42.19
USGS	08069500	00065	134263		12	3	2011	2018	8	42.23
USGS	08069500	00065	134263		12	4	2011	2018	8	42.49
USGS	08069500	00065	134263		12	5	2011	2018	8	42.69
USGS	08069500	00065	134263		12	6	2011	2018	8	42.78
USGS	08069500	00065	134263		12	7	2011	2018	8	42.71
USGS	08069500	00065	134263		12	8	2011	2018	8	42.57
USGS	08069500	00065	134263		12	9	2011	2018	8	42.40
USGS	08069500	00065	134263		12	10	2011	2018	8	42.27
USGS	08069500	00065	134263		12	11	2011	2018	8	42.23
USGS	08069500	00065	134263		12	12	2011	2018	8	42.20
USGS	08069500	00065	134263		12	13	2011	2018	8	42.40
USGS	08069500	00065	134263		12	14	2011	2018	8	42.63
USGS	08069500	00065	134263		12	15	2011	2018	8	42.49
USGS	08069500	00065	134263		12	16	2011	2018	8	42.64
USGS	08069500	00065	134263		12	17	2011	2018	8	42.60
USGS	08069500	00065	134263		12	18	2011	2018	8	42.43
USGS	08069500	00065	134263		12	19	2011	2018	8	42.44
USGS	08069500	00065	134263		12	20	2011	2018	8	42.41
USGS	08069500	00065	134263		12	21	2011	2018	8	42.40
USGS	08069500	00065	134263		12	22	2011	2018	8	42.52
USGS	08069500	00065	134263		12	23	2011	2018	8	42.48
USGS	08069500	00065	134263		12	24	2011	2018	8	42.41
USGS	08069500	00065	134263		12	25	2011	2018	8	42.42
USGS	08069500	00065	134263		12	26	2011	2017	7	42.36
USGS	08069500	00065	134263		12	27	2011	2017	7	42.39
USGS	08069500	00065	134263		12	28	2011	2017	7	42.57
USGS	08069500	00065	134263		12	29	2011	2017	7	42.66
USGS	08069500	00065	134263		12	30	2011	2017	7	42.64
USGS	08069500	00065	134263		12	31	2011	2017	7	42.61
