#
#
# US Geological Survey, Water Resources Data
# retrieved: 2019-02-26 15:07:59 -05:00	(natwebvaas01)
#
# This file contains USGS Daily Statistics
#
# Note:The statistics generated are based on approved daily-mean data and may not match those published by the USGS in official publications.
# The user is responsible for assessment and use of statistics from this site.
# For more details on why the statistics may not match, visit http://help.waterdata.usgs.gov/faq/about-statistics.
#
# Data heading explanations.
# agency_cd       -- agency code
# site_no         -- Site identification number
# parameter_cd    -- Parameter code
# station_nm      -- Site name
# loc_web_ds      -- Additional measurement description
#
# Data for the following 1 site(s) are contained in this file
# agency_cd   site_no      parameter_cd   station_nm (loc_web_ds)
# USGS        08067000     00065          Trinity Rv at Liberty, TX
#
# Explanation of Parameter Codes
# parameter_cd	Parameter Name
# 00065         Gage height, feet
#
# Data heading explanations.
# month_nu    ... The month for which the statistics apply.
# day_nu      ... The day for which the statistics apply.
# begin_yr    ... First water year of data of daily mean values for this day.
# end_yr      ... Last water year of data of daily mean values for this day.
# count_nu    ... Number of values used in the calculation.
# mean_va     ... Mean of daily mean values for this day.
#
agency_cd	site_no	parameter_cd	ts_id	loc_web_ds	month_nu	day_nu	begin_yr	end_yr	count_nu	mean_va
5s	15s	5s	10n	15s	3n	3n	6n	6n	8n	12s
USGS	08067000	00065	133987		1	1	1939	2018	25	11.92
USGS	08067000	00065	133987		1	2	1939	2018	25	11.81
USGS	08067000	00065	133987		1	3	1939	2018	25	11.71
USGS	08067000	00065	133987		1	4	1939	2018	25	11.64
USGS	08067000	00065	133987		1	5	1939	2018	25	11.53
USGS	08067000	00065	133987		1	6	1939	2018	25	11.56
USGS	08067000	00065	133987		1	7	1939	2018	25	11.65
USGS	08067000	00065	133987		1	8	1939	2018	25	11.70
USGS	08067000	00065	133987		1	9	1939	2018	25	11.66
USGS	08067000	00065	133987		1	10	1939	2018	25	11.70
USGS	08067000	00065	133987		1	11	1939	2018	25	11.85
USGS	08067000	00065	133987		1	12	1939	2018	25	11.76
USGS	08067000	00065	133987		1	13	1939	2018	23	12.09
USGS	08067000	00065	133987		1	14	1939	2018	23	12.22
USGS	08067000	00065	133987		1	15	1939	2018	24	12.41
USGS	08067000	00065	133987		1	16	1939	2018	24	12.54
USGS	08067000	00065	133987		1	17	1939	2018	24	12.49
USGS	08067000	00065	133987		1	18	1939	2018	24	12.55
USGS	08067000	00065	133987		1	19	1939	2018	24	12.81
USGS	08067000	00065	133987		1	20	1939	2018	25	12.78
USGS	08067000	00065	133987		1	21	1939	2018	25	12.55
USGS	08067000	00065	133987		1	22	1939	2018	25	12.26
USGS	08067000	00065	133987		1	23	1939	2018	25	12.09
USGS	08067000	00065	133987		1	24	1939	2018	25	12.32
USGS	08067000	00065	133987		1	25	1939	2018	24	12.84
USGS	08067000	00065	133987		1	26	1939	2018	24	13.15
USGS	08067000	00065	133987		1	27	1939	2018	24	12.93
USGS	08067000	00065	133987		1	28	1939	2018	24	12.52
USGS	08067000	00065	133987		1	29	1939	2018	25	11.87
USGS	08067000	00065	133987		1	30	1939	2018	25	11.81
USGS	08067000	00065	133987		1	31	1939	2018	25	12.16
USGS	08067000	00065	133987		2	1	1939	2018	25	12.10
USGS	08067000	00065	133987		2	2	1939	2018	25	11.99
USGS	08067000	00065	133987		2	3	1939	2018	25	12.01
USGS	08067000	00065	133987		2	4	1939	2018	25	12.07
USGS	08067000	00065	133987		2	5	1939	2018	24	12.10
USGS	08067000	00065	133987		2	6	1939	2018	25	12.52
USGS	08067000	00065	133987		2	7	1939	2018	24	12.99
USGS	08067000	00065	133987		2	8	1939	2018	23	13.22
USGS	08067000	00065	133987		2	9	1939	2018	25	13.21
USGS	08067000	00065	133987		2	10	1939	2018	25	13.03
USGS	08067000	00065	133987		2	11	1939	2018	25	12.95
USGS	08067000	00065	133987		2	12	1939	2018	25	13.20
USGS	08067000	00065	133987		2	13	1939	2018	25	13.43
USGS	08067000	00065	133987		2	14	1939	2018	24	12.83
USGS	08067000	00065	133987		2	15	1939	2018	24	12.51
USGS	08067000	00065	133987		2	16	1939	2018	25	12.93
USGS	08067000	00065	133987		2	17	1939	2018	25	13.30
USGS	08067000	00065	133987		2	18	1939	2018	25	13.68
USGS	08067000	00065	133987		2	19	1939	2018	25	13.51
USGS	08067000	00065	133987		2	20	1939	2018	25	13.23
USGS	08067000	00065	133987		2	21	1939	2018	25	13.40
USGS	08067000	00065	133987		2	22	1939	2018	24	13.88
USGS	08067000	00065	133987		2	23	1939	2018	24	14.25
USGS	08067000	00065	133987		2	24	1939	2018	24	13.59
USGS	08067000	00065	133987		2	25	1939	2018	25	14.14
USGS	08067000	00065	133987		2	26	1939	2018	25	14.36
USGS	08067000	00065	133987		2	27	1939	2018	25	14.59
USGS	08067000	00065	133987		2	28	1939	2018	25	14.51
USGS	08067000	00065	133987		2	29	1940	2016	6	11.56
USGS	08067000	00065	133987		3	1	1939	2018	25	14.24
USGS	08067000	00065	133987		3	2	1939	2018	24	13.67
USGS	08067000	00065	133987		3	3	1939	2018	24	14.02
USGS	08067000	00065	133987		3	4	1939	2018	25	14.55
USGS	08067000	00065	133987		3	5	1939	2018	24	14.08
USGS	08067000	00065	133987		3	6	1939	2018	25	14.45
USGS	08067000	00065	133987		3	7	1939	2018	25	14.16
USGS	08067000	00065	133987		3	8	1939	2018	24	13.47
USGS	08067000	00065	133987		3	9	1939	2018	24	13.35
USGS	08067000	00065	133987		3	10	1939	2018	24	13.42
USGS	08067000	00065	133987		3	11	1939	2018	25	14.20
USGS	08067000	00065	133987		3	12	1939	2018	25	14.45
USGS	08067000	00065	133987		3	13	1939	2018	24	14.42
USGS	08067000	00065	133987		3	14	1939	2018	24	14.71
USGS	08067000	00065	133987		3	15	1939	2018	24	15.02
USGS	08067000	00065	133987		3	16	1939	2018	24	15.28
USGS	08067000	00065	133987		3	17	1939	2018	24	15.27
USGS	08067000	00065	133987		3	18	1939	2018	25	15.15
USGS	08067000	00065	133987		3	19	1939	2018	25	14.86
USGS	08067000	00065	133987		3	20	1939	2018	25	14.47
USGS	08067000	00065	133987		3	21	1939	2018	24	14.32
USGS	08067000	00065	133987		3	22	1939	2018	24	14.43
USGS	08067000	00065	133987		3	23	1939	2018	25	14.60
USGS	08067000	00065	133987		3	24	1939	2018	25	14.35
USGS	08067000	00065	133987		3	25	1939	2018	25	14.20
USGS	08067000	00065	133987		3	26	1939	2018	25	14.22
USGS	08067000	00065	133987		3	27	1939	2018	25	14.30
USGS	08067000	00065	133987		3	28	1939	2018	25	14.37
USGS	08067000	00065	133987		3	29	1939	2018	25	14.75
USGS	08067000	00065	133987		3	30	1939	2018	25	15.00
USGS	08067000	00065	133987		3	31	1939	2018	24	15.24
USGS	08067000	00065	133987		4	1	1939	2018	24	15.31
USGS	08067000	00065	133987		4	2	1939	2018	25	15.03
USGS	08067000	00065	133987		4	3	1939	2018	25	15.06
USGS	08067000	00065	133987		4	4	1939	2017	24	14.69
USGS	08067000	00065	133987		4	5	1939	2017	22	14.85
USGS	08067000	00065	133987		4	6	1939	2017	22	14.76
USGS	08067000	00065	133987		4	7	1939	2017	23	14.43
USGS	08067000	00065	133987		4	8	1939	2017	24	14.77
USGS	08067000	00065	133987		4	9	1939	2017	24	14.86
USGS	08067000	00065	133987		4	10	1939	2017	24	14.69
USGS	08067000	00065	133987		4	11	1939	2017	24	14.25
USGS	08067000	00065	133987		4	12	1939	2017	24	14.08
USGS	08067000	00065	133987		4	13	1939	2017	24	14.28
USGS	08067000	00065	133987		4	14	1939	2017	24	14.16
USGS	08067000	00065	133987		4	15	1939	2017	23	14.31
USGS	08067000	00065	133987		4	16	1939	2017	24	13.54
USGS	08067000	00065	133987		4	17	1939	2017	24	13.21
USGS	08067000	00065	133987		4	18	1939	2017	24	13.24
USGS	08067000	00065	133987		4	19	1939	2017	24	13.78
USGS	08067000	00065	133987		4	20	1939	2017	24	13.78
USGS	08067000	00065	133987		4	21	1939	2017	24	13.47
USGS	08067000	00065	133987		4	22	1939	2017	24	13.16
USGS	08067000	00065	133987		4	23	1939	2017	24	12.79
USGS	08067000	00065	133987		4	24	1939	2017	24	12.37
USGS	08067000	00065	133987		4	25	1939	2017	24	12.08
USGS	08067000	00065	133987		4	26	1939	2017	24	11.94
USGS	08067000	00065	133987		4	27	1939	2017	24	11.75
USGS	08067000	00065	133987		4	28	1939	2017	24	11.76
USGS	08067000	00065	133987		4	29	1939	2017	24	11.91
USGS	08067000	00065	133987		4	30	1939	2017	24	11.99
USGS	08067000	00065	133987		5	1	1939	2017	24	12.29
USGS	08067000	00065	133987		5	2	1939	2017	24	12.61
USGS	08067000	00065	133987		5	3	1939	2017	24	12.80
USGS	08067000	00065	133987		5	4	1939	2017	24	13.12
USGS	08067000	00065	133987		5	5	1939	2017	24	13.21
USGS	08067000	00065	133987		5	6	1939	2017	24	13.10
USGS	08067000	00065	133987		5	7	1939	2017	24	12.89
USGS	08067000	00065	133987		5	8	1939	2017	24	12.69
USGS	08067000	00065	133987		5	9	1939	2016	22	12.99
USGS	08067000	00065	133987		5	10	1939	2016	22	12.80
USGS	08067000	00065	133987		5	11	1939	2017	24	12.64
USGS	08067000	00065	133987		5	12	1939	2017	24	12.99
USGS	08067000	00065	133987		5	13	1939	2017	24	13.20
USGS	08067000	00065	133987		5	14	1939	2017	23	13.43
USGS	08067000	00065	133987		5	15	1939	2017	23	13.37
USGS	08067000	00065	133987		5	16	1939	2017	23	13.03
USGS	08067000	00065	133987		5	17	1939	2017	23	12.55
USGS	08067000	00065	133987		5	18	1939	2017	23	12.22
USGS	08067000	00065	133987		5	19	1939	2017	24	11.59
USGS	08067000	00065	133987		5	20	1939	2017	24	11.67
USGS	08067000	00065	133987		5	21	1939	2017	23	11.86
USGS	08067000	00065	133987		5	22	1939	2017	24	11.77
USGS	08067000	00065	133987		5	23	1939	2017	23	11.67
USGS	08067000	00065	133987		5	24	1939	2017	23	11.99
USGS	08067000	00065	133987		5	25	1939	2017	23	12.33
USGS	08067000	00065	133987		5	26	1939	2017	23	12.39
USGS	08067000	00065	133987		5	27	1939	2017	23	12.34
USGS	08067000	00065	133987		5	28	1939	2017	23	12.20
USGS	08067000	00065	133987		5	29	1939	2017	23	12.23
USGS	08067000	00065	133987		5	30	1939	2017	23	12.10
USGS	08067000	00065	133987		5	31	1939	2017	23	11.89
USGS	08067000	00065	133987		6	1	1939	2017	23	11.68
USGS	08067000	00065	133987		6	2	1939	2017	24	11.66
USGS	08067000	00065	133987		6	3	1939	2017	24	11.68
USGS	08067000	00065	133987		6	4	1939	2017	24	11.86
USGS	08067000	00065	133987		6	5	1939	2017	22	12.14
USGS	08067000	00065	133987		6	6	1939	2017	23	11.88
USGS	08067000	00065	133987		6	7	1939	2017	22	12.16
USGS	08067000	00065	133987		6	8	1939	2017	21	12.84
USGS	08067000	00065	133987		6	9	1939	2017	22	12.83
USGS	08067000	00065	133987		6	10	1939	2017	22	12.91
USGS	08067000	00065	133987		6	11	1939	2017	23	12.88
USGS	08067000	00065	133987		6	12	1939	2017	22	13.65
USGS	08067000	00065	133987		6	13	1939	2017	23	13.24
USGS	08067000	00065	133987		6	14	1939	2017	24	13.20
USGS	08067000	00065	133987		6	15	1939	2017	24	13.28
USGS	08067000	00065	133987		6	16	1939	2017	24	13.24
USGS	08067000	00065	133987		6	17	1939	2017	24	13.35
USGS	08067000	00065	133987		6	18	1939	2017	24	13.34
USGS	08067000	00065	133987		6	19	1939	2017	24	13.15
USGS	08067000	00065	133987		6	20	1939	2017	24	12.98
USGS	08067000	00065	133987		6	21	1939	2017	24	12.82
USGS	08067000	00065	133987		6	22	1939	2017	24	12.65
USGS	08067000	00065	133987		6	23	1939	2017	24	12.49
USGS	08067000	00065	133987		6	24	1939	2017	24	12.35
USGS	08067000	00065	133987		6	25	1939	2017	24	12.24
USGS	08067000	00065	133987		6	26	1939	2017	24	12.54
USGS	08067000	00065	133987		6	27	1939	2017	24	13.05
USGS	08067000	00065	133987		6	28	1939	2017	24	13.04
USGS	08067000	00065	133987		6	29	1939	2017	24	12.93
USGS	08067000	00065	133987		6	30	1939	2017	24	12.87
USGS	08067000	00065	133987		7	1	1939	2017	24	12.85
USGS	08067000	00065	133987		7	2	1939	2017	24	12.47
USGS	08067000	00065	133987		7	3	1939	2017	24	12.10
USGS	08067000	00065	133987		7	4	1939	2017	24	11.69
USGS	08067000	00065	133987		7	5	1939	2017	24	11.27
USGS	08067000	00065	133987		7	6	1939	2017	24	10.99
USGS	08067000	00065	133987		7	7	1939	2017	24	10.88
USGS	08067000	00065	133987		7	8	1939	2017	24	10.79
USGS	08067000	00065	133987		7	9	1939	2017	24	10.69
USGS	08067000	00065	133987		7	10	1939	2017	24	10.67
USGS	08067000	00065	133987		7	11	1939	2017	24	10.72
USGS	08067000	00065	133987		7	12	1939	2017	24	10.68
USGS	08067000	00065	133987		7	13	1939	2017	24	10.62
USGS	08067000	00065	133987		7	14	1939	2017	23	10.69
USGS	08067000	00065	133987		7	15	1939	2017	24	10.41
USGS	08067000	00065	133987		7	16	1939	2017	24	10.02
USGS	08067000	00065	133987		7	17	1939	2017	24	9.72
USGS	08067000	00065	133987		7	18	1939	2017	23	9.62
USGS	08067000	00065	133987		7	19	1939	2017	24	9.36
USGS	08067000	00065	133987		7	20	1939	2017	24	9.29
USGS	08067000	00065	133987		7	21	1939	2017	24	9.17
USGS	08067000	00065	133987		7	22	1939	2017	24	9.08
USGS	08067000	00065	133987		7	23	1939	2017	22	9.22
USGS	08067000	00065	133987		7	24	1939	2017	24	8.84
USGS	08067000	00065	133987		7	25	1939	2017	24	8.60
USGS	08067000	00065	133987		7	26	1939	2017	23	8.55
USGS	08067000	00065	133987		7	27	1939	2017	23	8.55
USGS	08067000	00065	133987		7	28	1939	2017	24	8.31
USGS	08067000	00065	133987		7	29	1939	2017	24	8.09
USGS	08067000	00065	133987		7	30	1939	2017	23	7.91
USGS	08067000	00065	133987		7	31	1939	2017	23	7.74
USGS	08067000	00065	133987		8	1	1939	2017	24	7.50
USGS	08067000	00065	133987		8	2	1939	2017	23	7.73
USGS	08067000	00065	133987		8	3	1939	2017	23	7.59
USGS	08067000	00065	133987		8	4	1939	2017	23	7.43
USGS	08067000	00065	133987		8	5	1939	2017	23	7.31
USGS	08067000	00065	133987		8	6	1939	2017	23	7.25
USGS	08067000	00065	133987		8	7	1939	2017	23	7.23
USGS	08067000	00065	133987		8	8	1939	2017	23	7.35
USGS	08067000	00065	133987		8	9	1939	2017	23	7.35
USGS	08067000	00065	133987		8	10	1939	2017	24	7.20
USGS	08067000	00065	133987		8	11	1939	2017	24	7.18
USGS	08067000	00065	133987		8	12	1939	2017	23	7.25
USGS	08067000	00065	133987		8	13	1939	2017	24	7.20
USGS	08067000	00065	133987		8	14	1939	2017	24	7.22
USGS	08067000	00065	133987		8	15	1939	2017	24	7.15
USGS	08067000	00065	133987		8	16	1939	2017	24	7.10
USGS	08067000	00065	133987		8	17	1939	2017	25	6.97
USGS	08067000	00065	133987		8	18	1939	2017	25	6.83
USGS	08067000	00065	133987		8	19	1939	2017	24	6.80
USGS	08067000	00065	133987		8	20	1939	2017	24	6.90
USGS	08067000	00065	133987		8	21	1939	2017	24	6.97
USGS	08067000	00065	133987		8	22	1939	2017	25	7.01
USGS	08067000	00065	133987		8	23	1939	2017	23	7.24
USGS	08067000	00065	133987		8	24	1939	2017	24	7.16
USGS	08067000	00065	133987		8	25	1939	2017	24	7.21
USGS	08067000	00065	133987		8	26	1939	2017	24	7.27
USGS	08067000	00065	133987		8	27	1939	2017	24	7.62
USGS	08067000	00065	133987		8	28	1939	2017	24	7.98
USGS	08067000	00065	133987		8	29	1939	2017	23	8.09
USGS	08067000	00065	133987		8	30	1939	2017	24	7.97
USGS	08067000	00065	133987		8	31	1939	2017	24	8.06
USGS	08067000	00065	133987		9	1	1939	2017	24	8.11
USGS	08067000	00065	133987		9	2	1939	2017	24	8.09
USGS	08067000	00065	133987		9	3	1939	2017	24	8.03
USGS	08067000	00065	133987		9	4	1939	2017	25	8.05
USGS	08067000	00065	133987		9	5	1939	2017	24	7.98
USGS	08067000	00065	133987		9	6	1939	2017	24	7.64
USGS	08067000	00065	133987		9	7	1939	2017	23	7.51
USGS	08067000	00065	133987		9	8	1939	2017	24	7.42
USGS	08067000	00065	133987		9	9	1939	2017	24	7.34
USGS	08067000	00065	133987		9	10	1939	2017	25	7.11
USGS	08067000	00065	133987		9	11	1939	2017	24	7.16
USGS	08067000	00065	133987		9	12	1939	2017	23	7.52
USGS	08067000	00065	133987		9	13	1939	2017	24	7.71
USGS	08067000	00065	133987		9	14	1939	2017	24	7.83
USGS	08067000	00065	133987		9	15	1939	2017	23	8.03
USGS	08067000	00065	133987		9	16	1939	2017	23	7.85
USGS	08067000	00065	133987		9	17	1939	2017	24	7.81
USGS	08067000	00065	133987		9	18	1939	2017	24	7.30
USGS	08067000	00065	133987		9	19	1939	2017	22	7.07
USGS	08067000	00065	133987		9	20	1939	2017	23	7.06
USGS	08067000	00065	133987		9	21	1939	2017	25	7.48
USGS	08067000	00065	133987		9	22	1939	2017	25	7.42
USGS	08067000	00065	133987		9	23	1939	2017	25	7.42
USGS	08067000	00065	133987		9	24	1939	2017	25	7.29
USGS	08067000	00065	133987		9	25	1939	2017	24	7.54
USGS	08067000	00065	133987		9	26	1939	2017	25	7.91
USGS	08067000	00065	133987		9	27	1939	2017	25	7.85
USGS	08067000	00065	133987		9	28	1939	2017	25	7.88
USGS	08067000	00065	133987		9	29	1939	2017	25	7.57
USGS	08067000	00065	133987		9	30	1939	2017	23	7.19
USGS	08067000	00065	133987		10	1	1939	2018	24	6.65
USGS	08067000	00065	133987		10	2	1939	2018	23	6.48
USGS	08067000	00065	133987		10	3	1939	2018	24	6.32
USGS	08067000	00065	133987		10	4	1939	2018	24	6.21
USGS	08067000	00065	133987		10	5	1939	2018	25	6.16
USGS	08067000	00065	133987		10	6	1939	2018	25	6.17
USGS	08067000	00065	133987		10	7	1939	2018	25	6.17
USGS	08067000	00065	133987		10	8	1939	2018	25	6.17
USGS	08067000	00065	133987		10	9	1939	2018	25	6.13
USGS	08067000	00065	133987		10	10	1939	2018	24	6.36
USGS	08067000	00065	133987		10	11	1939	2018	24	6.75
USGS	08067000	00065	133987		10	12	1939	2018	24	7.03
USGS	08067000	00065	133987		10	13	1939	2018	23	7.00
USGS	08067000	00065	133987		10	14	1939	2018	23	7.08
USGS	08067000	00065	133987		10	15	1939	2018	22	7.31
USGS	08067000	00065	133987		10	16	1939	2018	24	7.54
USGS	08067000	00065	133987		10	17	1939	2018	23	7.67
USGS	08067000	00065	133987		10	18	1939	2018	24	8.07
USGS	08067000	00065	133987		10	19	1939	2018	25	8.32
USGS	08067000	00065	133987		10	20	1939	2018	22	8.60
USGS	08067000	00065	133987		10	21	1939	2018	22	8.58
USGS	08067000	00065	133987		10	22	1939	2018	23	8.42
USGS	08067000	00065	133987		10	23	1939	2018	24	8.66
USGS	08067000	00065	133987		10	24	1939	2018	24	8.74
USGS	08067000	00065	133987		10	25	1939	2018	25	8.67
USGS	08067000	00065	133987		10	26	1939	2018	25	8.73
USGS	08067000	00065	133987		10	27	1939	2018	25	8.83
USGS	08067000	00065	133987		10	28	1939	2018	25	9.10
USGS	08067000	00065	133987		10	29	1939	2018	25	9.16
USGS	08067000	00065	133987		10	30	1939	2018	25	9.11
USGS	08067000	00065	133987		10	31	1939	2018	25	9.30
USGS	08067000	00065	133987		11	1	1939	2018	25	9.51
USGS	08067000	00065	133987		11	2	1939	2018	25	9.38
USGS	08067000	00065	133987		11	3	1939	2018	25	9.26
USGS	08067000	00065	133987		11	4	1939	2018	25	9.29
USGS	08067000	00065	133987		11	5	1939	2018	24	9.60
USGS	08067000	00065	133987		11	6	1939	2018	25	9.83
USGS	08067000	00065	133987		11	7	1939	2018	25	10.02
USGS	08067000	00065	133987		11	8	1939	2018	25	10.18
USGS	08067000	00065	133987		11	9	1939	2018	24	10.53
USGS	08067000	00065	133987		11	10	1939	2018	24	9.67
USGS	08067000	00065	133987		11	11	1939	2018	25	10.30
USGS	08067000	00065	133987		11	12	1939	2018	25	10.28
USGS	08067000	00065	133987		11	13	1939	2018	25	10.28
USGS	08067000	00065	133987		11	14	1939	2018	25	10.27
USGS	08067000	00065	133987		11	15	1939	2018	25	10.06
USGS	08067000	00065	133987		11	16	1939	2018	25	9.87
USGS	08067000	00065	133987		11	17	1939	2018	25	9.69
USGS	08067000	00065	133987		11	18	1939	2018	25	9.92
USGS	08067000	00065	133987		11	19	1939	2018	25	10.49
USGS	08067000	00065	133987		11	20	1939	2018	25	10.47
USGS	08067000	00065	133987		11	21	1939	2018	25	10.35
USGS	08067000	00065	133987		11	22	1939	2018	25	10.14
USGS	08067000	00065	133987		11	23	1939	2018	25	9.84
USGS	08067000	00065	133987		11	24	1939	2018	25	9.77
USGS	08067000	00065	133987		11	25	1939	2018	25	9.94
USGS	08067000	00065	133987		11	26	1939	2018	25	10.06
USGS	08067000	00065	133987		11	27	1939	2018	24	9.51
USGS	08067000	00065	133987		11	28	1939	2018	24	10.41
USGS	08067000	00065	133987		11	29	1939	2018	24	10.43
USGS	08067000	00065	133987		11	30	1939	2018	24	10.43
USGS	08067000	00065	133987		12	1	1939	2018	24	10.43
USGS	08067000	00065	133987		12	2	1939	2018	24	10.37
USGS	08067000	00065	133987		12	3	1939	2018	25	10.07
USGS	08067000	00065	133987		12	4	1939	2018	24	10.07
USGS	08067000	00065	133987		12	5	1939	2018	25	10.06
USGS	08067000	00065	133987		12	6	1939	2018	24	10.26
USGS	08067000	00065	133987		12	7	1939	2018	23	10.68
USGS	08067000	00065	133987		12	8	1939	2018	25	10.25
USGS	08067000	00065	133987		12	9	1939	2018	24	10.35
USGS	08067000	00065	133987		12	10	1939	2018	25	10.0
USGS	08067000	00065	133987		12	11	1939	2018	25	9.93
USGS	08067000	00065	133987		12	12	1939	2018	25	10.03
USGS	08067000	00065	133987		12	13	1939	2018	25	10.44
USGS	08067000	00065	133987		12	14	1939	2018	25	10.65
USGS	08067000	00065	133987		12	15	1939	2018	25	10.84
USGS	08067000	00065	133987		12	16	1939	2018	24	10.79
USGS	08067000	00065	133987		12	17	1939	2018	24	10.60
USGS	08067000	00065	133987		12	18	1939	2018	25	11.05
USGS	08067000	00065	133987		12	19	1939	2018	25	10.94
USGS	08067000	00065	133987		12	20	1939	2018	25	10.85
USGS	08067000	00065	133987		12	21	1939	2018	25	10.73
USGS	08067000	00065	133987		12	22	1939	2018	24	10.79
USGS	08067000	00065	133987		12	23	1939	2018	23	10.10
USGS	08067000	00065	133987		12	24	1939	2018	23	10.00
USGS	08067000	00065	133987		12	25	1939	2018	25	11.25
USGS	08067000	00065	133987		12	26	1939	2018	24	11.53
USGS	08067000	00065	133987		12	27	1939	2018	25	12.37
USGS	08067000	00065	133987		12	28	1939	2018	25	12.60
USGS	08067000	00065	133987		12	29	1939	2018	25	12.54
USGS	08067000	00065	133987		12	30	1939	2018	25	12.30
USGS	08067000	00065	133987		12	31	1939	2018	25	12.07
