#
#
# US Geological Survey, Water Resources Data
# retrieved: 2019-02-26 15:07:59 -05:00	(natwebvaas01)
#
# This file contains USGS Daily Statistics
#
# Note:The statistics generated are based on approved daily-mean data and may not match those published by the USGS in official publications.
# The user is responsible for assessment and use of statistics from this site.
# For more details on why the statistics may not match, visit http://help.waterdata.usgs.gov/faq/about-statistics.
#
# Data heading explanations.
# agency_cd       -- agency code
# site_no         -- Site identification number
# parameter_cd    -- Parameter code
# station_nm      -- Site name
# loc_web_ds      -- Additional measurement description
#
# Data for the following 1 site(s) are contained in this file
# agency_cd   site_no      parameter_cd   station_nm (loc_web_ds)
# USGS        08076180     00065          Garners Bayou nr Humble, TX
#
# Explanation of Parameter Codes
# parameter_cd	Parameter Name
# 00065         Gage height, feet
#
# Data heading explanations.
# month_nu    ... The month for which the statistics apply.
# day_nu      ... The day for which the statistics apply.
# begin_yr    ... First water year of data of daily mean values for this day.
# end_yr      ... Last water year of data of daily mean values for this day.
# count_nu    ... Number of values used in the calculation.
# mean_va     ... Mean of daily mean values for this day.
#
agency_cd	site_no	parameter_cd	ts_id	loc_web_ds	month_nu	day_nu	begin_yr	end_yr	count_nu	mean_va
5s	15s	5s	10n	15s	3n	3n	6n	6n	8n	12s
USGS	08076180	00065	134568		1	1	1999	2018	20	35.47
USGS	08076180	00065	134568		1	2	1999	2018	20	35.47
USGS	08076180	00065	134568		1	3	1999	2018	20	35.48
USGS	08076180	00065	134568		1	4	1999	2018	20	35.42
USGS	08076180	00065	134568		1	5	1999	2018	20	35.62
USGS	08076180	00065	134568		1	6	1999	2018	20	35.41
USGS	08076180	00065	134568		1	7	1999	2018	20	35.62
USGS	08076180	00065	134568		1	8	1999	2018	20	35.44
USGS	08076180	00065	134568		1	9	1999	2018	20	35.74
USGS	08076180	00065	134568		1	10	1999	2018	20	35.51
USGS	08076180	00065	134568		1	11	1999	2018	20	35.60
USGS	08076180	00065	134568		1	12	1999	2018	20	35.38
USGS	08076180	00065	134568		1	13	1999	2018	20	35.49
USGS	08076180	00065	134568		1	14	1999	2018	20	35.28
USGS	08076180	00065	134568		1	15	1999	2018	20	35.31
USGS	08076180	00065	134568		1	16	1999	2018	20	35.68
USGS	08076180	00065	134568		1	17	1999	2017	19	36.04
USGS	08076180	00065	134568		1	18	1999	2017	19	36.05
USGS	08076180	00065	134568		1	19	1999	2018	20	35.87
USGS	08076180	00065	134568		1	20	1999	2018	20	35.40
USGS	08076180	00065	134568		1	21	1999	2018	19	35.39
USGS	08076180	00065	134568		1	22	1999	2018	19	35.49
USGS	08076180	00065	134568		1	23	1999	2018	20	35.45
USGS	08076180	00065	134568		1	24	1999	2018	20	35.83
USGS	08076180	00065	134568		1	25	1999	2018	20	36.10
USGS	08076180	00065	134568		1	26	1999	2018	20	35.72
USGS	08076180	00065	134568		1	27	1999	2018	20	35.61
USGS	08076180	00065	134568		1	28	1999	2018	20	35.46
USGS	08076180	00065	134568		1	29	1999	2018	20	35.55
USGS	08076180	00065	134568		1	30	1999	2018	20	35.46
USGS	08076180	00065	134568		1	31	1999	2018	20	35.41
USGS	08076180	00065	134568		2	1	1999	2018	20	35.56
USGS	08076180	00065	134568		2	2	1999	2018	20	35.47
USGS	08076180	00065	134568		2	3	1999	2018	20	35.47
USGS	08076180	00065	134568		2	4	1999	2018	20	35.76
USGS	08076180	00065	134568		2	5	1999	2018	20	35.53
USGS	08076180	00065	134568		2	6	1999	2018	20	35.39
USGS	08076180	00065	134568		2	7	1999	2018	20	35.50
USGS	08076180	00065	134568		2	8	1999	2018	20	35.42
USGS	08076180	00065	134568		2	9	1999	2018	20	35.65
USGS	08076180	00065	134568		2	10	1999	2018	20	35.99
USGS	08076180	00065	134568		2	11	1999	2018	20	36.02
USGS	08076180	00065	134568		2	12	1999	2018	20	35.81
USGS	08076180	00065	134568		2	13	1998	2018	21	35.73
USGS	08076180	00065	134568		2	14	1998	2018	21	35.73
USGS	08076180	00065	134568		2	15	1998	2018	21	35.57
USGS	08076180	00065	134568		2	16	1998	2018	21	35.66
USGS	08076180	00065	134568		2	17	1998	2018	21	35.62
USGS	08076180	00065	134568		2	18	1998	2018	21	35.73
USGS	08076180	00065	134568		2	19	1998	2018	21	35.52
USGS	08076180	00065	134568		2	20	1998	2018	21	35.52
USGS	08076180	00065	134568		2	21	1998	2018	21	36.01
USGS	08076180	00065	134568		2	22	1998	2018	19	36.40
USGS	08076180	00065	134568		2	23	1998	2018	20	35.84
USGS	08076180	00065	134568		2	24	1998	2018	21	35.66
USGS	08076180	00065	134568		2	25	1998	2018	21	35.62
USGS	08076180	00065	134568		2	26	1998	2018	21	35.86
USGS	08076180	00065	134568		2	27	1998	2018	21	35.57
USGS	08076180	00065	134568		2	28	1998	2018	21	35.34
USGS	08076180	00065	134568		2	29	2000	2016	5	35.43
USGS	08076180	00065	134568		3	1	1998	2018	21	35.56
USGS	08076180	00065	134568		3	2	1998	2018	21	35.54
USGS	08076180	00065	134568		3	3	1998	2018	21	35.51
USGS	08076180	00065	134568		3	4	1998	2018	21	35.53
USGS	08076180	00065	134568		3	5	1998	2018	21	35.47
USGS	08076180	00065	134568		3	6	1998	2018	21	35.45
USGS	08076180	00065	134568		3	7	1998	2018	21	35.42
USGS	08076180	00065	134568		3	8	1998	2018	21	35.46
USGS	08076180	00065	134568		3	9	1998	2018	20	35.98
USGS	08076180	00065	134568		3	10	1998	2018	21	36.19
USGS	08076180	00065	134568		3	11	1998	2018	21	35.84
USGS	08076180	00065	134568		3	12	1998	2018	21	35.94
USGS	08076180	00065	134568		3	13	1998	2018	20	35.74
USGS	08076180	00065	134568		3	14	1998	2018	21	36.09
USGS	08076180	00065	134568		3	15	1998	2018	21	36.01
USGS	08076180	00065	134568		3	16	1998	2018	20	35.68
USGS	08076180	00065	134568		3	17	1998	2018	20	35.54
USGS	08076180	00065	134568		3	18	1998	2018	20	35.41
USGS	08076180	00065	134568		3	19	1998	2018	21	35.52
USGS	08076180	00065	134568		3	20	1998	2018	21	35.65
USGS	08076180	00065	134568		3	21	1998	2018	21	35.54
USGS	08076180	00065	134568		3	22	1998	2018	21	35.56
USGS	08076180	00065	134568		3	23	1998	2018	21	35.29
USGS	08076180	00065	134568		3	24	1998	2018	20	35.25
USGS	08076180	00065	134568		3	25	1998	2018	21	35.41
USGS	08076180	00065	134568		3	26	1998	2018	21	35.40
USGS	08076180	00065	134568		3	27	1998	2018	21	35.46
USGS	08076180	00065	134568		3	28	1998	2018	21	35.74
USGS	08076180	00065	134568		3	29	1998	2018	20	35.89
USGS	08076180	00065	134568		3	30	1998	2018	21	35.67
USGS	08076180	00065	134568		3	31	1998	2018	20	35.49
USGS	08076180	00065	134568		4	1	1998	2018	21	35.46
USGS	08076180	00065	134568		4	2	1998	2018	21	35.52
USGS	08076180	00065	134568		4	3	1998	2018	21	35.71
USGS	08076180	00065	134568		4	4	1998	2018	21	35.30
USGS	08076180	00065	134568		4	5	1998	2018	21	35.21
USGS	08076180	00065	134568		4	6	1998	2018	21	35.18
USGS	08076180	00065	134568		4	7	1998	2018	21	35.20
USGS	08076180	00065	134568		4	8	1998	2018	21	35.76
USGS	08076180	00065	134568		4	9	1998	2018	21	35.35
USGS	08076180	00065	134568		4	10	1998	2018	21	35.27
USGS	08076180	00065	134568		4	11	1998	2018	20	35.87
USGS	08076180	00065	134568		4	12	1998	2018	20	35.58
USGS	08076180	00065	134568		4	13	1998	2018	20	35.35
USGS	08076180	00065	134568		4	14	1998	2018	20	35.39
USGS	08076180	00065	134568		4	15	1998	2018	21	35.30
USGS	08076180	00065	134568		4	16	1998	2018	21	35.42
USGS	08076180	00065	134568		4	17	1998	2018	21	35.82
USGS	08076180	00065	134568		4	18	1998	2018	21	36.80
USGS	08076180	00065	134568		4	19	1998	2018	21	36.43
USGS	08076180	00065	134568		4	20	1998	2018	21	35.62
USGS	08076180	00065	134568		4	21	1998	2018	21	35.56
USGS	08076180	00065	134568		4	22	1998	2018	21	35.44
USGS	08076180	00065	134568		4	23	1998	2018	21	35.24
USGS	08076180	00065	134568		4	24	1998	2018	21	35.31
USGS	08076180	00065	134568		4	25	1998	2018	21	35.62
USGS	08076180	00065	134568		4	26	1998	2018	21	35.44
USGS	08076180	00065	134568		4	27	1998	2018	21	35.43
USGS	08076180	00065	134568		4	28	1998	2018	21	35.80
USGS	08076180	00065	134568		4	29	1998	2018	21	35.51
USGS	08076180	00065	134568		4	30	1998	2018	21	35.39
USGS	08076180	00065	134568		5	1	1998	2018	21	35.63
USGS	08076180	00065	134568		5	2	1998	2018	21	35.69
USGS	08076180	00065	134568		5	3	1998	2018	21	35.40
USGS	08076180	00065	134568		5	4	1998	2018	21	35.59
USGS	08076180	00065	134568		5	5	1998	2018	21	35.78
USGS	08076180	00065	134568		5	6	1998	2018	21	35.56
USGS	08076180	00065	134568		5	7	1998	2018	21	35.37
USGS	08076180	00065	134568		5	8	1998	2018	21	35.26
USGS	08076180	00065	134568		5	9	1998	2018	21	35.30
USGS	08076180	00065	134568		5	10	1998	2018	21	35.44
USGS	08076180	00065	134568		5	11	1998	2018	21	35.90
USGS	08076180	00065	134568		5	12	1998	2018	21	35.95
USGS	08076180	00065	134568		5	13	1998	2018	21	36.37
USGS	08076180	00065	134568		5	14	1998	2018	21	36.04
USGS	08076180	00065	134568		5	15	1998	2018	21	35.80
USGS	08076180	00065	134568		5	16	1998	2018	21	35.47
USGS	08076180	00065	134568		5	17	1998	2018	21	35.35
USGS	08076180	00065	134568		5	18	1998	2018	21	35.32
USGS	08076180	00065	134568		5	19	1998	2018	21	35.31
USGS	08076180	00065	134568		5	20	1998	2018	21	35.97
USGS	08076180	00065	134568		5	21	1998	2018	21	35.66
USGS	08076180	00065	134568		5	22	1998	2018	21	35.61
USGS	08076180	00065	134568		5	23	1998	2018	21	35.39
USGS	08076180	00065	134568		5	24	1998	2018	21	35.32
USGS	08076180	00065	134568		5	25	1998	2018	21	35.26
USGS	08076180	00065	134568		5	26	1998	2018	20	36.28
USGS	08076180	00065	134568		5	27	1998	2018	20	37.12
USGS	08076180	00065	134568		5	28	1998	2018	21	36.51
USGS	08076180	00065	134568		5	29	1998	2018	21	36.27
USGS	08076180	00065	134568		5	30	1998	2018	21	36.17
USGS	08076180	00065	134568		5	31	1998	2018	21	36.02
USGS	08076180	00065	134568		6	1	1998	2018	21	35.56
USGS	08076180	00065	134568		6	2	1998	2018	21	36.11
USGS	08076180	00065	134568		6	3	1998	2018	21	35.91
USGS	08076180	00065	134568		6	4	1998	2018	21	35.84
USGS	08076180	00065	134568		6	5	1998	2018	21	35.72
USGS	08076180	00065	134568		6	6	1998	2018	21	36.11
USGS	08076180	00065	134568		6	7	1998	2018	21	35.44
USGS	08076180	00065	134568		6	8	1998	2018	21	35.64
USGS	08076180	00065	134568		6	9	1998	2018	21	36.67
USGS	08076180	00065	134568		6	10	1998	2018	21	36.12
USGS	08076180	00065	134568		6	11	1998	2018	21	35.38
USGS	08076180	00065	134568		6	12	1998	2018	21	35.43
USGS	08076180	00065	134568		6	13	1998	2018	21	35.66
USGS	08076180	00065	134568		6	14	1998	2018	21	35.64
USGS	08076180	00065	134568		6	15	1998	2018	20	35.70
USGS	08076180	00065	134568		6	16	1998	2018	20	35.82
USGS	08076180	00065	134568		6	17	1998	2018	21	35.83
USGS	08076180	00065	134568		6	18	1998	2018	21	35.78
USGS	08076180	00065	134568		6	19	1998	2018	21	36.14
USGS	08076180	00065	134568		6	20	1998	2018	21	36.03
USGS	08076180	00065	134568		6	21	1998	2018	21	35.81
USGS	08076180	00065	134568		6	22	1998	2018	21	35.52
USGS	08076180	00065	134568		6	23	1998	2018	21	35.74
USGS	08076180	00065	134568		6	24	1998	2018	21	36.17
USGS	08076180	00065	134568		6	25	1998	2018	21	36.25
USGS	08076180	00065	134568		6	26	1998	2018	21	35.69
USGS	08076180	00065	134568		6	27	1998	2018	21	35.47
USGS	08076180	00065	134568		6	28	1998	2018	21	35.88
USGS	08076180	00065	134568		6	29	1998	2018	21	36.10
USGS	08076180	00065	134568		6	30	1998	2018	21	35.74
USGS	08076180	00065	134568		7	1	1998	2018	21	35.67
USGS	08076180	00065	134568		7	2	1998	2018	21	35.93
USGS	08076180	00065	134568		7	3	1998	2018	21	36.01
USGS	08076180	00065	134568		7	4	1998	2018	21	35.95
USGS	08076180	00065	134568		7	5	1998	2017	20	35.80
USGS	08076180	00065	134568		7	6	1998	2017	20	35.90
USGS	08076180	00065	134568		7	7	1999	2017	19	36.19
USGS	08076180	00065	134568		7	8	1999	2017	18	36.03
USGS	08076180	00065	134568		7	9	1998	2017	20	35.69
USGS	08076180	00065	134568		7	10	1998	2017	20	35.68
USGS	08076180	00065	134568		7	11	1998	2017	20	35.39
USGS	08076180	00065	134568		7	12	1998	2017	20	35.62
USGS	08076180	00065	134568		7	13	1998	2017	20	35.65
USGS	08076180	00065	134568		7	14	1998	2017	20	35.77
USGS	08076180	00065	134568		7	15	1998	2017	20	36.03
USGS	08076180	00065	134568		7	16	1998	2017	20	35.77
USGS	08076180	00065	134568		7	17	1998	2017	20	35.71
USGS	08076180	00065	134568		7	18	1998	2017	20	35.73
USGS	08076180	00065	134568		7	19	1998	2017	20	35.72
USGS	08076180	00065	134568		7	20	1998	2017	20	35.76
USGS	08076180	00065	134568		7	21	1998	2017	19	35.36
USGS	08076180	00065	134568		7	22	1998	2017	20	35.44
USGS	08076180	00065	134568		7	23	1998	2017	20	35.50
USGS	08076180	00065	134568		7	24	1998	2017	20	35.40
USGS	08076180	00065	134568		7	25	1998	2017	20	35.37
USGS	08076180	00065	134568		7	26	1998	2017	20	35.69
USGS	08076180	00065	134568		7	27	1998	2017	20	35.55
USGS	08076180	00065	134568		7	28	1998	2017	20	35.49
USGS	08076180	00065	134568		7	29	1998	2017	20	35.29
USGS	08076180	00065	134568		7	30	1998	2017	20	35.24
USGS	08076180	00065	134568		7	31	1998	2017	20	35.22
USGS	08076180	00065	134568		8	1	1998	2017	19	35.78
USGS	08076180	00065	134568		8	2	1998	2017	20	35.44
USGS	08076180	00065	134568		8	3	1998	2017	20	35.40
USGS	08076180	00065	134568		8	4	1998	2017	20	35.37
USGS	08076180	00065	134568		8	5	1998	2017	20	35.42
USGS	08076180	00065	134568		8	6	1998	2017	20	35.31
USGS	08076180	00065	134568		8	7	1998	2017	20	35.39
USGS	08076180	00065	134568		8	8	1998	2017	19	35.85
USGS	08076180	00065	134568		8	9	1998	2017	19	35.44
USGS	08076180	00065	134568		8	10	1998	2017	19	35.26
USGS	08076180	00065	134568		8	11	1998	2017	20	35.26
USGS	08076180	00065	134568		8	12	1998	2017	20	35.23
USGS	08076180	00065	134568		8	13	1998	2017	20	35.30
USGS	08076180	00065	134568		8	14	1998	2017	20	35.48
USGS	08076180	00065	134568		8	15	1998	2017	20	35.74
USGS	08076180	00065	134568		8	16	1998	2017	20	36.17
USGS	08076180	00065	134568		8	17	1998	2017	20	36.07
USGS	08076180	00065	134568		8	18	1998	2017	20	35.90
USGS	08076180	00065	134568		8	19	1998	2017	19	35.85
USGS	08076180	00065	134568		8	20	1998	2017	18	35.59
USGS	08076180	00065	134568		8	21	1998	2017	18	35.54
USGS	08076180	00065	134568		8	22	1998	2017	19	35.58
USGS	08076180	00065	134568		8	23	1998	2017	19	35.49
USGS	08076180	00065	134568		8	24	1998	2017	20	35.41
USGS	08076180	00065	134568		8	25	1998	2017	20	35.46
USGS	08076180	00065	134568		8	26	1998	2017	20	35.99
USGS	08076180	00065	134568		8	27	1998	2017	20	36.60
USGS	08076180	00065	134568		8	28	1998	2017	20	36.57
USGS	08076180	00065	134568		8	29	1998	2017	20	36.46
USGS	08076180	00065	134568		8	30	1998	2017	20	36.03
USGS	08076180	00065	134568		8	31	1998	2017	20	36.08
USGS	08076180	00065	134568		9	1	1998	2017	20	35.83
USGS	08076180	00065	134568		9	2	1998	2017	20	35.73
USGS	08076180	00065	134568		9	3	1998	2017	19	35.62
USGS	08076180	00065	134568		9	4	1998	2017	19	35.44
USGS	08076180	00065	134568		9	5	1998	2017	19	35.51
USGS	08076180	00065	134568		9	6	1998	2017	19	35.55
USGS	08076180	00065	134568		9	7	1998	2017	19	35.90
USGS	08076180	00065	134568		9	8	1998	2017	19	35.80
USGS	08076180	00065	134568		9	9	1998	2017	19	35.46
USGS	08076180	00065	134568		9	10	1998	2017	20	35.58
USGS	08076180	00065	134568		9	11	1998	2017	20	36.26
USGS	08076180	00065	134568		9	12	1998	2017	20	36.03
USGS	08076180	00065	134568		9	13	1998	2017	20	36.27
USGS	08076180	00065	134568		9	14	1998	2017	20	36.35
USGS	08076180	00065	134568		9	15	1998	2017	20	35.75
USGS	08076180	00065	134568		9	16	1998	2017	19	35.40
USGS	08076180	00065	134568		9	17	1998	2017	20	35.48
USGS	08076180	00065	134568		9	18	1998	2017	20	35.65
USGS	08076180	00065	134568		9	19	1998	2017	20	35.89
USGS	08076180	00065	134568		9	20	1998	2017	20	35.87
USGS	08076180	00065	134568		9	21	1998	2017	20	36.08
USGS	08076180	00065	134568		9	22	1998	2017	20	35.87
USGS	08076180	00065	134568		9	23	1998	2017	20	35.59
USGS	08076180	00065	134568		9	24	1998	2017	20	35.49
USGS	08076180	00065	134568		9	25	1998	2017	20	35.31
USGS	08076180	00065	134568		9	26	1998	2017	20	35.25
USGS	08076180	00065	134568		9	27	1998	2017	20	35.21
USGS	08076180	00065	134568		9	28	1998	2017	20	35.30
USGS	08076180	00065	134568		9	29	1998	2017	20	35.45
USGS	08076180	00065	134568		9	30	1998	2017	20	35.34
USGS	08076180	00065	134568		10	1	1999	2018	20	35.14
USGS	08076180	00065	134568		10	2	1999	2018	20	35.36
USGS	08076180	00065	134568		10	3	1999	2018	20	35.44
USGS	08076180	00065	134568		10	4	1999	2018	20	35.29
USGS	08076180	00065	134568		10	5	1999	2018	19	35.35
USGS	08076180	00065	134568		10	6	1999	2018	19	35.75
USGS	08076180	00065	134568		10	7	1999	2018	20	35.41
USGS	08076180	00065	134568		10	8	1999	2018	20	35.25
USGS	08076180	00065	134568		10	9	1999	2018	20	35.65
USGS	08076180	00065	134568		10	10	1999	2018	20	35.84
USGS	08076180	00065	134568		10	11	1999	2018	20	35.62
USGS	08076180	00065	134568		10	12	1999	2018	20	35.74
USGS	08076180	00065	134568		10	13	1999	2018	20	36.11
USGS	08076180	00065	134568		10	14	1999	2018	20	35.46
USGS	08076180	00065	134568		10	15	1999	2018	20	35.90
USGS	08076180	00065	134568		10	16	1999	2018	20	37.02
USGS	08076180	00065	134568		10	17	1999	2018	20	35.98
USGS	08076180	00065	134568		10	18	1999	2018	20	35.89
USGS	08076180	00065	134568		10	19	1999	2018	20	36.26
USGS	08076180	00065	134568		10	20	1999	2018	20	35.77
USGS	08076180	00065	134568		10	21	1999	2018	20	35.30
USGS	08076180	00065	134568		10	22	1999	2018	20	35.75
USGS	08076180	00065	134568		10	23	1999	2018	20	35.58
USGS	08076180	00065	134568		10	24	1999	2018	20	35.43
USGS	08076180	00065	134568		10	25	1999	2018	20	36.13
USGS	08076180	00065	134568		10	26	2000	2018	19	35.93
USGS	08076180	00065	134568		10	27	2000	2018	19	35.86
USGS	08076180	00065	134568		10	28	1999	2018	20	35.57
USGS	08076180	00065	134568		10	29	1999	2018	20	36.18
USGS	08076180	00065	134568		10	30	1999	2018	20	36.02
USGS	08076180	00065	134568		10	31	1999	2018	19	36.55
USGS	08076180	00065	134568		11	1	1999	2018	19	36.26
USGS	08076180	00065	134568		11	2	1999	2018	20	35.95
USGS	08076180	00065	134568		11	3	1999	2018	20	35.53
USGS	08076180	00065	134568		11	4	1999	2018	19	35.66
USGS	08076180	00065	134568		11	5	1999	2018	20	35.47
USGS	08076180	00065	134568		11	6	1999	2018	20	35.46
USGS	08076180	00065	134568		11	7	1999	2018	20	35.30
USGS	08076180	00065	134568		11	8	1999	2018	20	35.31
USGS	08076180	00065	134568		11	9	1999	2018	20	35.24
USGS	08076180	00065	134568		11	10	1999	2018	20	35.13
USGS	08076180	00065	134568		11	11	1999	2018	20	35.30
USGS	08076180	00065	134568		11	12	1999	2018	20	35.80
USGS	08076180	00065	134568		11	13	1999	2018	20	36.04
USGS	08076180	00065	134568		11	14	1999	2018	20	35.69
USGS	08076180	00065	134568		11	15	1999	2018	20	35.44
USGS	08076180	00065	134568		11	16	1999	2018	19	35.74
USGS	08076180	00065	134568		11	17	1999	2018	19	36.55
USGS	08076180	00065	134568		11	18	1999	2018	19	36.89
USGS	08076180	00065	134568		11	19	1999	2018	19	35.62
USGS	08076180	00065	134568		11	20	1999	2018	20	35.42
USGS	08076180	00065	134568		11	21	1999	2018	20	35.54
USGS	08076180	00065	134568		11	22	1999	2018	19	35.83
USGS	08076180	00065	134568		11	23	1999	2018	20	35.93
USGS	08076180	00065	134568		11	24	1999	2018	20	35.78
USGS	08076180	00065	134568		11	25	1999	2018	19	35.64
USGS	08076180	00065	134568		11	26	1999	2018	19	35.72
USGS	08076180	00065	134568		11	27	1999	2018	19	35.44
USGS	08076180	00065	134568		11	28	1999	2018	20	35.41
USGS	08076180	00065	134568		11	29	1999	2018	20	35.39
USGS	08076180	00065	134568		11	30	1999	2018	20	35.25
USGS	08076180	00065	134568		12	1	1999	2018	20	35.16
USGS	08076180	00065	134568		12	2	1999	2018	20	35.30
USGS	08076180	00065	134568		12	3	1999	2018	18	35.40
USGS	08076180	00065	134568		12	4	1999	2018	20	35.53
USGS	08076180	00065	134568		12	5	1999	2018	20	35.72
USGS	08076180	00065	134568		12	6	1999	2018	18	35.29
USGS	08076180	00065	134568		12	7	1999	2018	19	35.43
USGS	08076180	00065	134568		12	8	1999	2018	20	35.44
USGS	08076180	00065	134568		12	9	1999	2018	20	35.38
USGS	08076180	00065	134568		12	10	1999	2018	20	35.38
USGS	08076180	00065	134568		12	11	1999	2018	20	35.68
USGS	08076180	00065	134568		12	12	1999	2018	20	36.53
USGS	08076180	00065	134568		12	13	1999	2018	20	36.32
USGS	08076180	00065	134568		12	14	1999	2018	20	35.96
USGS	08076180	00065	134568		12	15	1999	2018	20	35.71
USGS	08076180	00065	134568		12	16	1999	2018	20	35.78
USGS	08076180	00065	134568		12	17	1999	2018	20	35.85
USGS	08076180	00065	134568		12	18	1999	2018	20	35.40
USGS	08076180	00065	134568		12	19	1999	2018	20	35.78
USGS	08076180	00065	134568		12	20	1999	2018	20	35.66
USGS	08076180	00065	134568		12	21	1999	2018	20	35.56
USGS	08076180	00065	134568		12	22	1999	2018	20	35.61
USGS	08076180	00065	134568		12	23	1999	2018	20	35.42
USGS	08076180	00065	134568		12	24	1999	2018	20	35.64
USGS	08076180	00065	134568		12	25	1999	2018	20	35.57
USGS	08076180	00065	134568		12	26	1999	2018	20	35.21
USGS	08076180	00065	134568		12	27	1999	2018	20	35.34
USGS	08076180	00065	134568		12	28	1999	2018	20	35.64
USGS	08076180	00065	134568		12	29	1999	2018	20	35.50
USGS	08076180	00065	134568		12	30	1999	2018	20	35.47
USGS	08076180	00065	134568		12	31	1999	2018	20	35.41
