#
#
# US Geological Survey, Water Resources Data
# retrieved: 2019-02-26 15:07:59 -05:00	(natwebcaas01)
#
# This file contains USGS Daily Statistics
#
# Note:The statistics generated are based on approved daily-mean data and may not match those published by the USGS in official publications.
# The user is responsible for assessment and use of statistics from this site.
# For more details on why the statistics may not match, visit http://help.waterdata.usgs.gov/faq/about-statistics.
#
# Data heading explanations.
# agency_cd       -- agency code
# site_no         -- Site identification number
# parameter_cd    -- Parameter code
# station_nm      -- Site name
# loc_web_ds      -- Additional measurement description
#
# Data for the following 1 site(s) are contained in this file
# agency_cd   site_no      parameter_cd   station_nm (loc_web_ds)
# USGS        08073100     00065          Langham Ck at Addicks Res Outflow nr Addicks, TX
#
# Explanation of Parameter Codes
# parameter_cd	Parameter Name
# 00065         Gage height, feet
#
# Data heading explanations.
# month_nu    ... The month for which the statistics apply.
# day_nu      ... The day for which the statistics apply.
# begin_yr    ... First water year of data of daily mean values for this day.
# end_yr      ... Last water year of data of daily mean values for this day.
# count_nu    ... Number of values used in the calculation.
# mean_va     ... Mean of daily mean values for this day.
#
agency_cd	site_no	parameter_cd	ts_id	loc_web_ds	month_nu	day_nu	begin_yr	end_yr	count_nu	mean_va
5s	15s	5s	10n	15s	3n	3n	6n	6n	8n	12s
USGS	08073100	00065	134366		1	1	2014	2018	5	56.43
USGS	08073100	00065	134366		1	2	2014	2018	5	56.78
USGS	08073100	00065	134366		1	3	2014	2018	5	57.74
USGS	08073100	00065	134366		1	4	2014	2018	5	58.08
USGS	08073100	00065	134366		1	5	2014	2018	5	57.50
USGS	08073100	00065	134366		1	6	2014	2018	5	56.68
USGS	08073100	00065	134366		1	7	2014	2018	5	57.20
USGS	08073100	00065	134366		1	8	2014	2018	5	57.46
USGS	08073100	00065	134366		1	9	2014	2018	5	57.32
USGS	08073100	00065	134366		1	10	2014	2018	5	57.81
USGS	08073100	00065	134366		1	11	2014	2018	5	57.33
USGS	08073100	00065	134366		1	12	2014	2018	5	57.26
USGS	08073100	00065	134366		1	13	2014	2018	5	57.03
USGS	08073100	00065	134366		1	14	2014	2018	5	56.63
USGS	08073100	00065	134366		1	15	2014	2018	5	56.57
USGS	08073100	00065	134366		1	16	2014	2018	5	56.78
USGS	08073100	00065	134366		1	17	2014	2018	5	56.89
USGS	08073100	00065	134366		1	18	2014	2018	5	56.95
USGS	08073100	00065	134366		1	19	2014	2018	5	56.66
USGS	08073100	00065	134366		1	20	2014	2018	5	56.76
USGS	08073100	00065	134366		1	21	2014	2018	5	56.69
USGS	08073100	00065	134366		1	22	2014	2018	5	58.02
USGS	08073100	00065	134366		1	23	2014	2018	5	58.47
USGS	08073100	00065	134366		1	24	2014	2018	5	58.74
USGS	08073100	00065	134366		1	25	2014	2018	5	58.62
USGS	08073100	00065	134366		1	26	2014	2018	5	58.36
USGS	08073100	00065	134366		1	27	2014	2018	5	58.32
USGS	08073100	00065	134366		1	28	2014	2018	5	58.41
USGS	08073100	00065	134366		1	29	2014	2018	5	58.12
USGS	08073100	00065	134366		1	30	2014	2018	5	57.12
USGS	08073100	00065	134366		1	31	2014	2018	5	56.55
USGS	08073100	00065	134366		2	1	2014	2018	5	56.50
USGS	08073100	00065	134366		2	2	2014	2018	5	56.49
USGS	08073100	00065	134366		2	3	2014	2018	4	56.47
USGS	08073100	00065	134366		2	4	2014	2018	5	56.50
USGS	08073100	00065	134366		2	5	2014	2018	5	56.50
USGS	08073100	00065	134366		2	6	2014	2018	5	56.49
USGS	08073100	00065	134366		2	7	2014	2018	5	56.51
USGS	08073100	00065	134366		2	8	2014	2018	5	56.74
USGS	08073100	00065	134366		2	9	2014	2018	5	56.51
USGS	08073100	00065	134366		2	10	2014	2018	5	56.56
USGS	08073100	00065	134366		2	11	2014	2018	5	57.13
USGS	08073100	00065	134366		2	12	2014	2018	5	57.48
USGS	08073100	00065	134366		2	13	2014	2018	5	57.33
USGS	08073100	00065	134366		2	14	2014	2018	5	57.46
USGS	08073100	00065	134366		2	15	2014	2018	5	57.81
USGS	08073100	00065	134366		2	16	2014	2018	5	57.20
USGS	08073100	00065	134366		2	17	2014	2018	5	56.86
USGS	08073100	00065	134366		2	18	2014	2018	5	56.61
USGS	08073100	00065	134366		2	19	2014	2018	5	56.48
USGS	08073100	00065	134366		2	20	2014	2018	5	56.49
USGS	08073100	00065	134366		2	21	2014	2018	5	57.46
USGS	08073100	00065	134366		2	22	2014	2018	5	58.11
USGS	08073100	00065	134366		2	23	2014	2018	5	58.66
USGS	08073100	00065	134366		2	24	2014	2018	5	58.57
USGS	08073100	00065	134366		2	25	2014	2018	5	57.05
USGS	08073100	00065	134366		2	26	2014	2018	4	57.77
USGS	08073100	00065	134366		2	27	2014	2018	4	58.22
USGS	08073100	00065	134366		2	28	2014	2018	5	57.72
USGS	08073100	00065	134366		2	29	2016	2016	1	56.46
USGS	08073100	00065	134366		3	1	2014	2018	5	57.36
USGS	08073100	00065	134366		3	2	2014	2018	5	56.94
USGS	08073100	00065	134366		3	3	2014	2018	5	56.48
USGS	08073100	00065	134366		3	4	2014	2018	5	56.63
USGS	08073100	00065	134366		3	5	2014	2018	5	57.04
USGS	08073100	00065	134366		3	6	2014	2018	5	57.49
USGS	08073100	00065	134366		3	7	2014	2018	5	57.24
USGS	08073100	00065	134366		3	8	2014	2018	5	56.68
USGS	08073100	00065	134366		3	9	2014	2018	5	56.82
USGS	08073100	00065	134366		3	10	2014	2018	5	57.72
USGS	08073100	00065	134366		3	11	2014	2018	5	57.50
USGS	08073100	00065	134366		3	12	2014	2018	5	58.16
USGS	08073100	00065	134366		3	13	2014	2018	5	60.10
USGS	08073100	00065	134366		3	14	2014	2018	5	59.90
USGS	08073100	00065	134366		3	15	2013	2018	6	59.01
USGS	08073100	00065	134366		3	16	2013	2018	6	58.81
USGS	08073100	00065	134366		3	17	2013	2018	6	57.79
USGS	08073100	00065	134366		3	18	2013	2018	6	56.93
USGS	08073100	00065	134366		3	19	2013	2018	6	57.44
USGS	08073100	00065	134366		3	20	2013	2018	6	57.57
USGS	08073100	00065	134366		3	21	2013	2018	6	57.41
USGS	08073100	00065	134366		3	22	2013	2018	6	57.30
USGS	08073100	00065	134366		3	23	2013	2018	6	57.55
USGS	08073100	00065	134366		3	24	2013	2018	6	57.75
USGS	08073100	00065	134366		3	25	2013	2018	6	57.84
USGS	08073100	00065	134366		3	26	2013	2018	6	57.55
USGS	08073100	00065	134366		3	27	2013	2018	6	57.36
USGS	08073100	00065	134366		3	28	2013	2018	6	56.48
USGS	08073100	00065	134366		3	29	2013	2018	6	57.07
USGS	08073100	00065	134366		3	30	2013	2018	6	58.02
USGS	08073100	00065	134366		3	31	2013	2018	6	58.40
USGS	08073100	00065	134366		4	1	2013	2018	6	57.79
USGS	08073100	00065	134366		4	2	2013	2018	6	57.27
USGS	08073100	00065	134366		4	3	2013	2018	6	57.01
USGS	08073100	00065	134366		4	4	2013	2018	6	57.35
USGS	08073100	00065	134366		4	5	2013	2018	6	57.33
USGS	08073100	00065	134366		4	6	2013	2018	6	56.78
USGS	08073100	00065	134366		4	7	2013	2018	6	56.44
USGS	08073100	00065	134366		4	8	2013	2018	6	56.40
USGS	08073100	00065	134366		4	9	2013	2018	6	56.38
USGS	08073100	00065	134366		4	10	2013	2018	6	56.45
USGS	08073100	00065	134366		4	11	2013	2018	6	56.71
USGS	08073100	00065	134366		4	12	2013	2018	6	56.82
USGS	08073100	00065	134366		4	13	2013	2018	6	56.94
USGS	08073100	00065	134366		4	14	2013	2018	6	56.83
USGS	08073100	00065	134366		4	15	2013	2018	6	56.90
USGS	08073100	00065	134366		4	16	2013	2018	6	56.56
USGS	08073100	00065	134366		4	17	2013	2017	4	56.41
USGS	08073100	00065	134366		4	18	2013	2018	6	58.43
USGS	08073100	00065	134366		4	19	2013	2017	4	57.05
USGS	08073100	00065	134366		4	20	2013	2017	4	56.98
USGS	08073100	00065	134366		4	21	2013	2017	5	58.08
USGS	08073100	00065	134366		4	22	2013	2017	4	58.44
USGS	08073100	00065	134366		4	23	2013	2017	4	58.91
USGS	08073100	00065	134366		4	24	2013	2017	4	58.68
USGS	08073100	00065	134366		4	25	2013	2017	5	58.42
USGS	08073100	00065	134366		4	26	2013	2017	4	59.28
USGS	08073100	00065	134366		4	27	2013	2017	5	58.15
USGS	08073100	00065	134366		4	28	2013	2017	5	59.46
USGS	08073100	00065	134366		4	29	2013	2017	5	58.72
USGS	08073100	00065	134366		4	30	2013	2017	4	57.84
USGS	08073100	00065	134366		5	1	2013	2017	5	59.80
USGS	08073100	00065	134366		5	2	2013	2017	4	59.20
USGS	08073100	00065	134366		5	3	2013	2017	4	61.10
USGS	08073100	00065	134366		5	4	2013	2017	5	61.07
USGS	08073100	00065	134366		5	5	2013	2017	5	60.28
USGS	08073100	00065	134366		5	6	2013	2017	5	59.69
USGS	08073100	00065	134366		5	7	2013	2017	5	59.63
USGS	08073100	00065	134366		5	8	2013	2017	5	59.84
USGS	08073100	00065	134366		5	9	2013	2017	4	59.48
USGS	08073100	00065	134366		5	10	2013	2017	4	60.01
USGS	08073100	00065	134366		5	11	2013	2017	4	59.54
USGS	08073100	00065	134366		5	12	2013	2017	4	59.40
USGS	08073100	00065	134366		5	13	2013	2017	5	58.44
USGS	08073100	00065	134366		5	14	2013	2017	5	58.04
USGS	08073100	00065	134366		5	15	2013	2017	4	58.07
USGS	08073100	00065	134366		5	16	2013	2017	4	59.19
USGS	08073100	00065	134366		5	17	2013	2017	5	59.86
USGS	08073100	00065	134366		5	18	2013	2017	5	59.01
USGS	08073100	00065	134366		5	19	2013	2017	5	57.41
USGS	08073100	00065	134366		5	20	2013	2017	5	58.53
USGS	08073100	00065	134366		5	21	2013	2017	4	59.16
USGS	08073100	00065	134366		5	22	2013	2017	5	58.54
USGS	08073100	00065	134366		5	23	2013	2017	5	58.63
USGS	08073100	00065	134366		5	24	2013	2017	5	58.03
USGS	08073100	00065	134366		5	25	2013	2017	4	58.02
USGS	08073100	00065	134366		5	26	2013	2017	4	57.27
USGS	08073100	00065	134366		5	27	2013	2017	5	56.71
USGS	08073100	00065	134366		5	28	2013	2017	4	57.91
USGS	08073100	00065	134366		5	29	2013	2017	5	59.18
USGS	08073100	00065	134366		5	30	2013	2017	5	58.76
USGS	08073100	00065	134366		5	31	2013	2017	5	58.87
USGS	08073100	00065	134366		6	1	2013	2017	4	57.94
USGS	08073100	00065	134366		6	2	2013	2017	5	59.27
USGS	08073100	00065	134366		6	3	2013	2017	5	59.78
USGS	08073100	00065	134366		6	4	2013	2017	4	58.85
USGS	08073100	00065	134366		6	5	2013	2017	5	60.16
USGS	08073100	00065	134366		6	6	2013	2017	4	60.37
USGS	08073100	00065	134366		6	7	2013	2017	4	61.05
USGS	08073100	00065	134366		6	8	2013	2017	4	60.79
USGS	08073100	00065	134366		6	9	2013	2017	5	60.78
USGS	08073100	00065	134366		6	10	2013	2017	4	59.18
USGS	08073100	00065	134366		6	11	2013	2017	4	60.12
USGS	08073100	00065	134366		6	12	2013	2017	4	58.98
USGS	08073100	00065	134366		6	13	2013	2017	4	57.45
USGS	08073100	00065	134366		6	14	2013	2017	5	59.00
USGS	08073100	00065	134366		6	15	2013	2017	4	59.74
USGS	08073100	00065	134366		6	16	2013	2017	5	59.28
USGS	08073100	00065	134366		6	17	2013	2017	5	59.24
USGS	08073100	00065	134366		6	18	2013	2017	4	59.52
USGS	08073100	00065	134366		6	19	2013	2017	4	59.53
USGS	08073100	00065	134366		6	20	2013	2017	4	59.71
USGS	08073100	00065	134366		6	21	2013	2017	4	59.52
USGS	08073100	00065	134366		6	22	2013	2017	5	60.04
USGS	08073100	00065	134366		6	23	2013	2017	5	60.33
USGS	08073100	00065	134366		6	24	2013	2017	4	58.62
USGS	08073100	00065	134366		6	25	2013	2017	3	59.31
USGS	08073100	00065	134366		6	26	2013	2017	3	58.91
USGS	08073100	00065	134366		6	27	2013	2017	5	58.01
USGS	08073100	00065	134366		6	28	2013	2017	4	57.62
USGS	08073100	00065	134366		6	29	2013	2017	4	59.38
USGS	08073100	00065	134366		6	30	2013	2017	4	61.07
USGS	08073100	00065	134366		7	1	2013	2017	5	59.32
USGS	08073100	00065	134366		7	2	2013	2017	4	58.69
USGS	08073100	00065	134366		7	3	2013	2017	5	58.05
USGS	08073100	00065	134366		7	4	2013	2017	5	57.68
USGS	08073100	00065	134366		7	5	2013	2017	5	57.72
USGS	08073100	00065	134366		7	6	2013	2017	5	57.90
USGS	08073100	00065	134366		7	7	2013	2017	5	58.14
USGS	08073100	00065	134366		7	8	2013	2017	5	57.95
USGS	08073100	00065	134366		7	9	2013	2017	4	56.68
USGS	08073100	00065	134366		7	10	2013	2017	5	57.65
USGS	08073100	00065	134366		7	11	2013	2017	5	57.17
USGS	08073100	00065	134366		7	12	2013	2017	5	56.96
USGS	08073100	00065	134366		7	13	2013	2017	5	56.90
USGS	08073100	00065	134366		7	14	2013	2017	5	56.64
USGS	08073100	00065	134366		7	15	2013	2017	5	56.78
USGS	08073100	00065	134366		7	16	2013	2017	5	56.69
USGS	08073100	00065	134366		7	17	2013	2017	5	56.40
USGS	08073100	00065	134366		7	18	2013	2017	5	56.79
USGS	08073100	00065	134366		7	19	2013	2017	5	57.21
USGS	08073100	00065	134366		7	20	2013	2017	5	57.32
USGS	08073100	00065	134366		7	21	2013	2017	5	56.84
USGS	08073100	00065	134366		7	22	2013	2017	5	56.64
USGS	08073100	00065	134366		7	23	2013	2017	5	56.64
USGS	08073100	00065	134366		7	24	2013	2017	5	56.50
USGS	08073100	00065	134366		7	25	2013	2017	5	56.43
USGS	08073100	00065	134366		7	26	2013	2017	5	56.49
USGS	08073100	00065	134366		7	27	2013	2017	5	56.72
USGS	08073100	00065	134366		7	28	2013	2017	5	57.06
USGS	08073100	00065	134366		7	29	2013	2017	5	56.59
USGS	08073100	00065	134366		7	30	2013	2017	5	56.71
USGS	08073100	00065	134366		7	31	2013	2017	5	56.61
USGS	08073100	00065	134366		8	1	2013	2017	5	56.40
USGS	08073100	00065	134366		8	2	2013	2017	5	56.67
USGS	08073100	00065	134366		8	3	2013	2017	5	56.98
USGS	08073100	00065	134366		8	4	2013	2017	5	56.92
USGS	08073100	00065	134366		8	5	2013	2017	5	56.76
USGS	08073100	00065	134366		8	6	2013	2017	5	56.80
USGS	08073100	00065	134366		8	7	2013	2017	5	56.44
USGS	08073100	00065	134366		8	8	2013	2017	5	57.55
USGS	08073100	00065	134366		8	9	2013	2017	5	56.80
USGS	08073100	00065	134366		8	10	2013	2017	5	57.41
USGS	08073100	00065	134366		8	11	2013	2017	5	57.66
USGS	08073100	00065	134366		8	12	2013	2017	5	57.94
USGS	08073100	00065	134366		8	13	2013	2017	5	57.94
USGS	08073100	00065	134366		8	14	2013	2017	5	57.88
USGS	08073100	00065	134366		8	15	2013	2017	5	58.09
USGS	08073100	00065	134366		8	16	2013	2017	5	57.97
USGS	08073100	00065	134366		8	17	2013	2017	5	58.00
USGS	08073100	00065	134366		8	18	2013	2017	5	58.07
USGS	08073100	00065	134366		8	19	2013	2017	5	58.38
USGS	08073100	00065	134366		8	20	2013	2017	5	58.79
USGS	08073100	00065	134366		8	21	2013	2017	5	58.17
USGS	08073100	00065	134366		8	22	2013	2017	5	58.13
USGS	08073100	00065	134366		8	23	2013	2017	5	58.47
USGS	08073100	00065	134366		8	24	2013	2017	5	58.71
USGS	08073100	00065	134366		8	25	2013	2017	5	57.87
USGS	08073100	00065	134366		8	26	2013	2017	5	58.11
USGS	08073100	00065	134366		8	27	2013	2017	5	60.91
USGS	08073100	00065	134366		8	28	2013	2017	5	60.99
USGS	08073100	00065	134366		8	29	2013	2017	5	61.85
USGS	08073100	00065	134366		8	30	2013	2016	4	57.82
USGS	08073100	00065	134366		8	31	2013	2017	5	63.34
USGS	08073100	00065	134366		9	1	2013	2017	5	63.63
USGS	08073100	00065	134366		9	2	2013	2017	5	63.57
USGS	08073100	00065	134366		9	3	2013	2017	5	63.00
USGS	08073100	00065	134366		9	4	2013	2017	5	62.14
USGS	08073100	00065	134366		9	5	2013	2017	5	62.16
USGS	08073100	00065	134366		9	6	2013	2017	5	62.13
USGS	08073100	00065	134366		9	7	2013	2017	5	61.67
USGS	08073100	00065	134366		9	8	2013	2017	5	61.20
USGS	08073100	00065	134366		9	9	2013	2017	5	61.25
USGS	08073100	00065	134366		9	10	2013	2017	5	61.08
USGS	08073100	00065	134366		9	11	2013	2017	5	60.54
USGS	08073100	00065	134366		9	12	2013	2017	5	60.23
USGS	08073100	00065	134366		9	13	2013	2017	5	60.42
USGS	08073100	00065	134366		9	14	2013	2017	5	60.21
USGS	08073100	00065	134366		9	15	2013	2017	5	59.58
USGS	08073100	00065	134366		9	16	2013	2017	5	59.53
USGS	08073100	00065	134366		9	17	2013	2017	5	59.33
USGS	08073100	00065	134366		9	18	2013	2017	5	58.94
USGS	08073100	00065	134366		9	19	2013	2017	5	58.18
USGS	08073100	00065	134366		9	20	2013	2017	5	59.42
USGS	08073100	00065	134366		9	21	2013	2017	5	59.55
USGS	08073100	00065	134366		9	22	2013	2017	5	59.22
USGS	08073100	00065	134366		9	23	2013	2017	5	60.21
USGS	08073100	00065	134366		9	24	2013	2017	5	60.37
USGS	08073100	00065	134366		9	25	2013	2017	4	60.37
USGS	08073100	00065	134366		9	26	2013	2017	5	60.18
USGS	08073100	00065	134366		9	27	2013	2017	5	59.07
USGS	08073100	00065	134366		9	28	2013	2017	5	58.42
USGS	08073100	00065	134366		9	29	2013	2017	5	59.05
USGS	08073100	00065	134366		9	30	2013	2017	5	58.28
USGS	08073100	00065	134366		10	1	2014	2018	5	57.96
USGS	08073100	00065	134366		10	2	2014	2018	5	57.79
USGS	08073100	00065	134366		10	3	2014	2018	5	58.11
USGS	08073100	00065	134366		10	4	2014	2018	5	58.43
USGS	08073100	00065	134366		10	5	2014	2018	5	58.28
USGS	08073100	00065	134366		10	6	2014	2018	5	58.22
USGS	08073100	00065	134366		10	7	2014	2018	5	58.27
USGS	08073100	00065	134366		10	8	2014	2018	5	57.95
USGS	08073100	00065	134366		10	9	2014	2018	5	57.66
USGS	08073100	00065	134366		10	10	2014	2018	5	57.55
USGS	08073100	00065	134366		10	11	2014	2018	5	57.31
USGS	08073100	00065	134366		10	12	2014	2018	5	56.56
USGS	08073100	00065	134366		10	13	2014	2018	5	56.35
USGS	08073100	00065	134366		10	14	2014	2018	5	56.48
USGS	08073100	00065	134366		10	15	2014	2018	5	56.41
USGS	08073100	00065	134366		10	16	2014	2018	5	56.33
USGS	08073100	00065	134366		10	17	2014	2018	5	56.30
USGS	08073100	00065	134366		10	18	2014	2018	5	56.28
USGS	08073100	00065	134366		10	19	2014	2018	5	56.63
USGS	08073100	00065	134366		10	20	2014	2018	5	57.13
USGS	08073100	00065	134366		10	21	2014	2018	5	56.85
USGS	08073100	00065	134366		10	22	2014	2018	5	57.36
USGS	08073100	00065	134366		10	23	2014	2018	5	57.62
USGS	08073100	00065	134366		10	24	2014	2018	5	57.03
USGS	08073100	00065	134366		10	25	2014	2018	5	57.55
USGS	08073100	00065	134366		10	26	2014	2018	5	56.93
USGS	08073100	00065	134366		10	27	2014	2018	5	57.64
USGS	08073100	00065	134366		10	28	2014	2018	5	58.19
USGS	08073100	00065	134366		10	29	2014	2018	5	57.97
USGS	08073100	00065	134366		10	30	2014	2018	4	56.88
USGS	08073100	00065	134366		10	31	2014	2018	5	56.83
USGS	08073100	00065	134366		11	1	2014	2018	4	57.92
USGS	08073100	00065	134366		11	2	2014	2018	4	60.31
USGS	08073100	00065	134366		11	3	2014	2018	4	60.22
USGS	08073100	00065	134366		11	4	2014	2018	5	58.70
USGS	08073100	00065	134366		11	5	2014	2018	5	57.55
USGS	08073100	00065	134366		11	6	2014	2018	5	56.65
USGS	08073100	00065	134366		11	7	2014	2018	5	57.66
USGS	08073100	00065	134366		11	8	2014	2018	5	59.08
USGS	08073100	00065	134366		11	9	2014	2018	5	59.10
USGS	08073100	00065	134366		11	10	2014	2018	5	58.41
USGS	08073100	00065	134366		11	11	2014	2018	5	57.08
USGS	08073100	00065	134366		11	12	2014	2018	5	57.25
USGS	08073100	00065	134366		11	13	2014	2018	5	57.61
USGS	08073100	00065	134366		11	14	2014	2018	5	57.46
USGS	08073100	00065	134366		11	15	2014	2018	5	57.13
USGS	08073100	00065	134366		11	16	2014	2018	5	56.79
USGS	08073100	00065	134366		11	17	2014	2018	5	56.63
USGS	08073100	00065	134366		11	18	2014	2018	5	57.40
USGS	08073100	00065	134366		11	19	2014	2018	5	57.50
USGS	08073100	00065	134366		11	20	2014	2018	5	57.29
USGS	08073100	00065	134366		11	21	2014	2018	5	57.05
USGS	08073100	00065	134366		11	22	2014	2018	5	57.15
USGS	08073100	00065	134366		11	23	2014	2018	5	56.55
USGS	08073100	00065	134366		11	24	2014	2018	5	56.98
USGS	08073100	00065	134366		11	25	2014	2018	5	56.65
USGS	08073100	00065	134366		11	26	2014	2018	5	56.38
USGS	08073100	00065	134366		11	27	2014	2018	5	57.02
USGS	08073100	00065	134366		11	28	2014	2018	5	57.47
USGS	08073100	00065	134366		11	29	2014	2018	5	57.49
USGS	08073100	00065	134366		11	30	2014	2018	5	57.13
USGS	08073100	00065	134366		12	1	2014	2018	5	56.58
USGS	08073100	00065	134366		12	2	2014	2018	4	56.50
USGS	08073100	00065	134366		12	3	2014	2018	5	56.59
USGS	08073100	00065	134366		12	4	2014	2018	5	56.73
USGS	08073100	00065	134366		12	5	2014	2018	5	57.30
USGS	08073100	00065	134366		12	6	2014	2018	5	58.07
USGS	08073100	00065	134366		12	7	2015	2018	4	58.39
USGS	08073100	00065	134366		12	8	2015	2018	4	58.48
USGS	08073100	00065	134366		12	9	2015	2018	4	59.07
USGS	08073100	00065	134366		12	10	2014	2018	5	58.25
USGS	08073100	00065	134366		12	11	2014	2018	5	57.69
USGS	08073100	00065	134366		12	12	2014	2018	5	56.79
USGS	08073100	00065	134366		12	13	2014	2018	5	56.57
USGS	08073100	00065	134366		12	14	2014	2018	5	57.08
USGS	08073100	00065	134366		12	15	2014	2018	5	57.16
USGS	08073100	00065	134366		12	16	2014	2018	5	56.87
USGS	08073100	00065	134366		12	17	2014	2018	5	57.61
USGS	08073100	00065	134366		12	18	2014	2018	5	58.11
USGS	08073100	00065	134366		12	19	2014	2018	5	58.06
USGS	08073100	00065	134366		12	20	2014	2018	5	58.33
USGS	08073100	00065	134366		12	21	2014	2018	5	58.42
USGS	08073100	00065	134366		12	22	2014	2018	5	58.40
USGS	08073100	00065	134366		12	23	2014	2018	5	57.59
USGS	08073100	00065	134366		12	24	2014	2018	5	57.42
USGS	08073100	00065	134366		12	25	2014	2018	5	57.53
USGS	08073100	00065	134366		12	26	2014	2018	5	56.95
USGS	08073100	00065	134366		12	27	2014	2018	5	56.53
USGS	08073100	00065	134366		12	28	2014	2018	5	57.34
USGS	08073100	00065	134366		12	29	2014	2018	5	57.74
USGS	08073100	00065	134366		12	30	2014	2018	5	57.13
USGS	08073100	00065	134366		12	31	2014	2018	5	56.56
