#
#
# US Geological Survey, Water Resources Data
# retrieved: 2019-02-26 15:07:59 -05:00	(natwebsdas01)
#
# This file contains USGS Daily Statistics
#
# Note:The statistics generated are based on approved daily-mean data and may not match those published by the USGS in official publications.
# The user is responsible for assessment and use of statistics from this site.
# For more details on why the statistics may not match, visit http://help.waterdata.usgs.gov/faq/about-statistics.
#
# Data heading explanations.
# agency_cd       -- agency code
# site_no         -- Site identification number
# parameter_cd    -- Parameter code
# station_nm      -- Site name
# loc_web_ds      -- Additional measurement description
#
# Data for the following 1 site(s) are contained in this file
# agency_cd   site_no      parameter_cd   station_nm (loc_web_ds)
# USGS        08072000     00065          Lk Houston nr Sheldon, TX
#
# Explanation of Parameter Codes
# parameter_cd	Parameter Name
# 00065         Gage height, feet
#
# Data heading explanations.
# month_nu    ... The month for which the statistics apply.
# day_nu      ... The day for which the statistics apply.
# begin_yr    ... First water year of data of daily mean values for this day.
# end_yr      ... Last water year of data of daily mean values for this day.
# count_nu    ... Number of values used in the calculation.
# mean_va     ... Mean of daily mean values for this day.
#
agency_cd	site_no	parameter_cd	ts_id	loc_web_ds	month_nu	day_nu	begin_yr	end_yr	count_nu	mean_va
5s	15s	5s	10n	15s	3n	3n	6n	6n	8n	12s
USGS	08072000	00065	134317		1	1	1997	2017	21	43.95
USGS	08072000	00065	134317		1	2	1997	2017	21	43.92
USGS	08072000	00065	134317		1	3	1997	2017	21	43.92
USGS	08072000	00065	134317		1	4	1997	2017	21	43.89
USGS	08072000	00065	134317		1	5	1997	2017	21	43.88
USGS	08072000	00065	134317		1	6	1997	2017	21	43.86
USGS	08072000	00065	134317		1	7	1997	2017	21	43.96
USGS	08072000	00065	134317		1	8	1997	2017	21	43.96
USGS	08072000	00065	134317		1	9	1997	2017	21	43.95
USGS	08072000	00065	134317		1	10	1997	2017	21	43.99
USGS	08072000	00065	134317		1	11	1997	2017	21	43.98
USGS	08072000	00065	134317		1	12	1997	2017	21	43.94
USGS	08072000	00065	134317		1	13	1997	2017	21	43.94
USGS	08072000	00065	134317		1	14	1997	2017	21	43.94
USGS	08072000	00065	134317		1	15	1997	2017	21	43.92
USGS	08072000	00065	134317		1	16	1997	2017	21	43.93
USGS	08072000	00065	134317		1	17	1997	2017	21	43.97
USGS	08072000	00065	134317		1	18	1997	2017	21	44.02
USGS	08072000	00065	134317		1	19	1997	2017	21	44.08
USGS	08072000	00065	134317		1	20	1997	2017	21	44.07
USGS	08072000	00065	134317		1	21	1997	2017	21	44.02
USGS	08072000	00065	134317		1	22	1997	2017	21	43.96
USGS	08072000	00065	134317		1	23	1997	2017	21	43.93
USGS	08072000	00065	134317		1	24	1997	2017	21	43.96
USGS	08072000	00065	134317		1	25	1997	2017	21	44.06
USGS	08072000	00065	134317		1	26	1997	2017	20	44.21
USGS	08072000	00065	134317		1	27	1997	2017	21	43.98
USGS	08072000	00065	134317		1	28	1997	2017	21	43.92
USGS	08072000	00065	134317		1	29	1997	2017	21	43.95
USGS	08072000	00065	134317		1	30	1997	2017	21	43.96
USGS	08072000	00065	134317		1	31	1997	2017	21	43.91
USGS	08072000	00065	134317		2	1	1997	2017	21	43.88
USGS	08072000	00065	134317		2	2	1997	2017	21	43.88
USGS	08072000	00065	134317		2	3	1997	2017	21	43.86
USGS	08072000	00065	134317		2	4	1997	2017	21	43.87
USGS	08072000	00065	134317		2	5	1997	2017	21	43.87
USGS	08072000	00065	134317		2	6	1997	2017	21	43.84
USGS	08072000	00065	134317		2	7	1997	2017	21	43.82
USGS	08072000	00065	134317		2	8	1997	2017	21	43.82
USGS	08072000	00065	134317		2	9	1997	2017	21	43.83
USGS	08072000	00065	134317		2	10	1997	2017	21	43.83
USGS	08072000	00065	134317		2	11	1997	2017	21	43.91
USGS	08072000	00065	134317		2	12	1997	2017	21	43.97
USGS	08072000	00065	134317		2	13	1997	2017	20	44.12
USGS	08072000	00065	134317		2	14	1997	2017	21	44.07
USGS	08072000	00065	134317		2	15	1997	2017	21	44.06
USGS	08072000	00065	134317		2	16	1997	2017	21	44.05
USGS	08072000	00065	134317		2	17	1997	2017	21	44.00
USGS	08072000	00065	134317		2	18	1997	2017	21	43.97
USGS	08072000	00065	134317		2	19	1997	2017	21	43.96
USGS	08072000	00065	134317		2	20	1997	2017	21	43.94
USGS	08072000	00065	134317		2	21	1997	2017	21	43.99
USGS	08072000	00065	134317		2	22	1997	2017	21	44.06
USGS	08072000	00065	134317		2	23	1997	2017	21	44.06
USGS	08072000	00065	134317		2	24	1997	2017	21	44.05
USGS	08072000	00065	134317		2	25	1997	2017	21	44.08
USGS	08072000	00065	134317		2	26	1997	2017	21	44.07
USGS	08072000	00065	134317		2	27	1997	2017	21	44.05
USGS	08072000	00065	134317		2	28	1997	2017	21	44.01
USGS	08072000	00065	134317		2	29	2000	2016	5	43.43
USGS	08072000	00065	134317		3	1	1997	2017	21	43.99
USGS	08072000	00065	134317		3	2	1997	2017	21	43.98
USGS	08072000	00065	134317		3	3	1997	2017	21	43.93
USGS	08072000	00065	134317		3	4	1997	2017	21	43.89
USGS	08072000	00065	134317		3	5	1997	2017	21	43.87
USGS	08072000	00065	134317		3	6	1997	2017	21	43.86
USGS	08072000	00065	134317		3	7	1997	2018	22	43.79
USGS	08072000	00065	134317		3	8	1997	2018	22	43.78
USGS	08072000	00065	134317		3	9	1997	2018	22	43.80
USGS	08072000	00065	134317		3	10	1997	2018	22	43.88
USGS	08072000	00065	134317		3	11	1997	2018	22	43.93
USGS	08072000	00065	134317		3	12	1997	2018	22	43.99
USGS	08072000	00065	134317		3	13	1997	2018	22	44.09
USGS	08072000	00065	134317		3	14	1997	2018	22	44.11
USGS	08072000	00065	134317		3	15	1997	2018	22	44.10
USGS	08072000	00065	134317		3	16	1997	2018	22	44.04
USGS	08072000	00065	134317		3	17	1997	2018	22	43.97
USGS	08072000	00065	134317		3	18	1997	2018	21	43.88
USGS	08072000	00065	134317		3	19	1997	2018	21	43.86
USGS	08072000	00065	134317		3	20	1997	2018	21	43.80
USGS	08072000	00065	134317		3	21	1997	2018	21	43.78
USGS	08072000	00065	134317		3	22	1997	2018	21	43.81
USGS	08072000	00065	134317		3	23	1997	2018	21	43.79
USGS	08072000	00065	134317		3	24	1997	2018	22	43.78
USGS	08072000	00065	134317		3	25	1997	2018	22	43.81
USGS	08072000	00065	134317		3	26	1997	2018	22	43.81
USGS	08072000	00065	134317		3	27	1997	2018	22	43.75
USGS	08072000	00065	134317		3	28	1997	2018	22	43.73
USGS	08072000	00065	134317		3	29	1997	2018	22	43.83
USGS	08072000	00065	134317		3	30	1997	2018	22	43.92
USGS	08072000	00065	134317		3	31	1997	2018	22	43.89
USGS	08072000	00065	134317		4	1	1997	2018	22	43.84
USGS	08072000	00065	134317		4	2	1997	2018	22	43.80
USGS	08072000	00065	134317		4	3	1997	2018	22	43.85
USGS	08072000	00065	134317		4	4	1997	2018	22	43.90
USGS	08072000	00065	134317		4	5	1997	2018	22	43.94
USGS	08072000	00065	134317		4	6	1997	2018	22	43.96
USGS	08072000	00065	134317		4	7	1997	2018	22	43.95
USGS	08072000	00065	134317		4	8	1997	2018	22	43.98
USGS	08072000	00065	134317		4	9	1997	2018	22	43.95
USGS	08072000	00065	134317		4	10	1997	2018	22	43.92
USGS	08072000	00065	134317		4	11	1997	2018	22	43.95
USGS	08072000	00065	134317		4	12	1997	2018	22	43.92
USGS	08072000	00065	134317		4	13	1997	2018	22	43.89
USGS	08072000	00065	134317		4	14	1997	2018	22	43.88
USGS	08072000	00065	134317		4	15	1997	2018	22	43.88
USGS	08072000	00065	134317		4	16	1997	2018	22	43.88
USGS	08072000	00065	134317		4	17	1997	2018	22	43.91
USGS	08072000	00065	134317		4	18	1997	2018	21	43.92
USGS	08072000	00065	134317		4	19	1997	2018	20	44.10
USGS	08072000	00065	134317		4	20	1997	2018	21	44.01
USGS	08072000	00065	134317		4	21	1997	2018	21	44.00
USGS	08072000	00065	134317		4	22	1997	2018	21	43.97
USGS	08072000	00065	134317		4	23	1997	2018	21	43.91
USGS	08072000	00065	134317		4	24	1997	2018	21	43.83
USGS	08072000	00065	134317		4	25	1997	2018	22	43.87
USGS	08072000	00065	134317		4	26	1997	2018	22	43.85
USGS	08072000	00065	134317		4	27	1997	2018	22	43.83
USGS	08072000	00065	134317		4	28	1997	2018	22	43.89
USGS	08072000	00065	134317		4	29	1997	2018	22	43.94
USGS	08072000	00065	134317		4	30	1997	2018	22	43.93
USGS	08072000	00065	134317		5	1	1997	2018	22	43.91
USGS	08072000	00065	134317		5	2	1997	2018	22	43.96
USGS	08072000	00065	134317		5	3	1997	2018	22	43.94
USGS	08072000	00065	134317		5	4	1997	2018	22	43.92
USGS	08072000	00065	134317		5	5	1997	2018	22	43.91
USGS	08072000	00065	134317		5	6	1997	2018	22	43.88
USGS	08072000	00065	134317		5	7	1997	2018	22	43.84
USGS	08072000	00065	134317		5	8	1997	2018	22	43.81
USGS	08072000	00065	134317		5	9	1997	2018	22	43.83
USGS	08072000	00065	134317		5	10	1997	2018	22	43.83
USGS	08072000	00065	134317		5	11	1997	2018	22	43.84
USGS	08072000	00065	134317		5	12	1997	2018	22	43.84
USGS	08072000	00065	134317		5	13	1997	2018	22	43.89
USGS	08072000	00065	134317		5	14	1997	2018	22	43.95
USGS	08072000	00065	134317		5	15	1997	2018	22	43.97
USGS	08072000	00065	134317		5	16	1997	2018	22	43.98
USGS	08072000	00065	134317		5	17	1997	2018	22	43.95
USGS	08072000	00065	134317		5	18	1997	2018	22	43.92
USGS	08072000	00065	134317		5	19	1997	2018	22	43.87
USGS	08072000	00065	134317		5	20	1997	2018	21	43.90
USGS	08072000	00065	134317		5	21	1997	2018	21	43.88
USGS	08072000	00065	134317		5	22	1997	2018	22	43.82
USGS	08072000	00065	134317		5	23	1997	2018	22	43.85
USGS	08072000	00065	134317		5	24	1997	2018	22	43.87
USGS	08072000	00065	134317		5	25	1997	2018	22	43.88
USGS	08072000	00065	134317		5	26	1997	2018	22	43.93
USGS	08072000	00065	134317		5	27	1997	2018	22	44.01
USGS	08072000	00065	134317		5	28	1997	2018	22	44.11
USGS	08072000	00065	134317		5	29	1997	2018	22	44.19
USGS	08072000	00065	134317		5	30	1997	2018	22	44.16
USGS	08072000	00065	134317		5	31	1997	2018	22	44.05
USGS	08072000	00065	134317		6	1	1997	2018	22	43.95
USGS	08072000	00065	134317		6	2	1997	2018	22	43.93
USGS	08072000	00065	134317		6	3	1997	2018	22	43.89
USGS	08072000	00065	134317		6	4	1997	2018	22	43.83
USGS	08072000	00065	134317		6	5	1997	2018	22	43.79
USGS	08072000	00065	134317		6	6	1997	2018	22	43.79
USGS	08072000	00065	134317		6	7	1997	2018	22	43.73
USGS	08072000	00065	134317		6	8	1997	2018	22	43.71
USGS	08072000	00065	134317		6	9	1997	2018	22	43.86
USGS	08072000	00065	134317		6	10	1997	2018	21	44.00
USGS	08072000	00065	134317		6	11	1997	2018	22	43.91
USGS	08072000	00065	134317		6	12	1997	2018	22	43.87
USGS	08072000	00065	134317		6	13	1997	2018	22	43.85
USGS	08072000	00065	134317		6	14	1997	2018	22	43.84
USGS	08072000	00065	134317		6	15	1997	2018	22	43.77
USGS	08072000	00065	134317		6	16	1997	2018	22	43.74
USGS	08072000	00065	134317		6	17	1997	2018	22	43.74
USGS	08072000	00065	134317		6	18	1997	2018	22	43.75
USGS	08072000	00065	134317		6	19	1997	2018	22	43.73
USGS	08072000	00065	134317		6	20	1997	2018	22	43.71
USGS	08072000	00065	134317		6	21	1997	2018	22	43.71
USGS	08072000	00065	134317		6	22	1997	2018	22	43.68
USGS	08072000	00065	134317		6	23	1997	2018	22	43.71
USGS	08072000	00065	134317		6	24	1997	2018	22	43.72
USGS	08072000	00065	134317		6	25	1997	2018	22	43.74
USGS	08072000	00065	134317		6	26	1997	2018	22	43.69
USGS	08072000	00065	134317		6	27	1997	2018	22	43.69
USGS	08072000	00065	134317		6	28	1997	2018	22	43.74
USGS	08072000	00065	134317		6	29	1997	2018	22	43.78
USGS	08072000	00065	134317		6	30	1998	2018	21	43.68
USGS	08072000	00065	134317		7	1	1997	2018	22	43.73
USGS	08072000	00065	134317		7	2	1997	2018	22	43.70
USGS	08072000	00065	134317		7	3	1997	2018	22	43.69
USGS	08072000	00065	134317		7	4	1997	2018	22	43.66
USGS	08072000	00065	134317		7	5	1997	2018	22	43.68
USGS	08072000	00065	134317		7	6	1997	2018	22	43.64
USGS	08072000	00065	134317		7	7	1997	2018	22	43.57
USGS	08072000	00065	134317		7	8	1997	2018	22	43.57
USGS	08072000	00065	134317		7	9	1997	2018	22	43.56
USGS	08072000	00065	134317		7	10	1997	2018	22	43.58
USGS	08072000	00065	134317		7	11	1997	2018	22	43.57
USGS	08072000	00065	134317		7	12	1997	2018	22	43.58
USGS	08072000	00065	134317		7	13	1997	2018	22	43.59
USGS	08072000	00065	134317		7	14	1997	2018	21	43.61
USGS	08072000	00065	134317		7	15	1997	2018	21	43.62
USGS	08072000	00065	134317		7	16	1997	2018	22	43.61
USGS	08072000	00065	134317		7	17	1997	2018	22	43.56
USGS	08072000	00065	134317		7	18	1997	2018	22	43.55
USGS	08072000	00065	134317		7	19	1996	2018	23	43.59
USGS	08072000	00065	134317		7	20	1996	2018	23	43.59
USGS	08072000	00065	134317		7	21	1996	2018	22	43.61
USGS	08072000	00065	134317		7	22	1996	2018	23	43.59
USGS	08072000	00065	134317		7	23	1996	2018	23	43.58
USGS	08072000	00065	134317		7	24	1996	2018	23	43.56
USGS	08072000	00065	134317		7	25	1996	2018	23	43.54
USGS	08072000	00065	134317		7	26	1996	2018	23	43.54
USGS	08072000	00065	134317		7	27	1996	2018	23	43.52
USGS	08072000	00065	134317		7	28	1996	2018	23	43.49
USGS	08072000	00065	134317		7	29	1996	2018	23	43.48
USGS	08072000	00065	134317		7	30	1996	2018	22	43.39
USGS	08072000	00065	134317		7	31	1996	2018	22	43.37
USGS	08072000	00065	134317		8	1	1996	2018	23	43.44
USGS	08072000	00065	134317		8	2	1996	2018	23	43.42
USGS	08072000	00065	134317		8	3	1996	2018	23	43.40
USGS	08072000	00065	134317		8	4	1996	2018	23	43.39
USGS	08072000	00065	134317		8	5	1996	2018	23	43.38
USGS	08072000	00065	134317		8	6	1996	2018	23	43.37
USGS	08072000	00065	134317		8	7	1996	2018	23	43.35
USGS	08072000	00065	134317		8	8	1996	2018	23	43.36
USGS	08072000	00065	134317		8	9	1996	2018	23	43.34
USGS	08072000	00065	134317		8	10	1996	2018	23	43.31
USGS	08072000	00065	134317		8	11	1996	2018	23	43.32
USGS	08072000	00065	134317		8	12	1996	2018	23	43.31
USGS	08072000	00065	134317		8	13	1996	2017	22	43.33
USGS	08072000	00065	134317		8	14	1996	2017	22	43.35
USGS	08072000	00065	134317		8	15	1996	2017	22	43.36
USGS	08072000	00065	134317		8	16	1996	2017	21	43.40
USGS	08072000	00065	134317		8	17	1996	2017	22	43.37
USGS	08072000	00065	134317		8	18	1996	2017	22	43.38
USGS	08072000	00065	134317		8	19	1996	2017	22	43.38
USGS	08072000	00065	134317		8	20	1996	2017	22	43.38
USGS	08072000	00065	134317		8	21	1996	2017	22	43.35
USGS	08072000	00065	134317		8	22	1996	2017	22	43.36
USGS	08072000	00065	134317		8	23	1996	2017	22	43.34
USGS	08072000	00065	134317		8	24	1996	2017	22	43.32
USGS	08072000	00065	134317		8	25	1996	2017	22	43.30
USGS	08072000	00065	134317		8	26	1996	2017	22	43.33
USGS	08072000	00065	134317		8	27	1996	2017	22	43.48
USGS	08072000	00065	134317		8	28	1996	2017	22	43.62
USGS	08072000	00065	134317		8	29	1996	2017	21	43.72
USGS	08072000	00065	134317		8	30	1996	2017	21	43.65
USGS	08072000	00065	134317		8	31	1996	2017	22	43.59
USGS	08072000	00065	134317		9	1	1996	2017	22	43.47
USGS	08072000	00065	134317		9	2	1996	2017	22	43.38
USGS	08072000	00065	134317		9	3	1996	2017	22	43.33
USGS	08072000	00065	134317		9	4	1996	2017	22	43.29
USGS	08072000	00065	134317		9	5	1996	2017	22	43.28
USGS	08072000	00065	134317		9	6	1996	2017	22	43.23
USGS	08072000	00065	134317		9	7	1996	2017	22	43.24
USGS	08072000	00065	134317		9	8	1996	2017	22	43.29
USGS	08072000	00065	134317		9	9	1996	2017	22	43.23
USGS	08072000	00065	134317		9	10	1996	2017	22	43.27
USGS	08072000	00065	134317		9	11	1997	2017	21	43.25
USGS	08072000	00065	134317		9	12	1996	2017	22	43.41
USGS	08072000	00065	134317		9	13	1996	2017	22	43.44
USGS	08072000	00065	134317		9	14	1996	2017	22	43.52
USGS	08072000	00065	134317		9	15	1996	2017	22	43.50
USGS	08072000	00065	134317		9	16	1996	2017	21	43.51
USGS	08072000	00065	134317		9	17	1996	2017	21	43.46
USGS	08072000	00065	134317		9	18	1996	2017	21	43.48
USGS	08072000	00065	134317		9	19	1996	2017	22	43.43
USGS	08072000	00065	134317		9	20	1996	2017	22	43.47
USGS	08072000	00065	134317		9	21	1996	2017	22	43.47
USGS	08072000	00065	134317		9	22	1996	2017	22	43.46
USGS	08072000	00065	134317		9	23	1996	2017	22	43.42
USGS	08072000	00065	134317		9	24	1996	2017	22	43.42
USGS	08072000	00065	134317		9	25	1996	2017	22	43.39
USGS	08072000	00065	134317		9	26	1996	2017	22	43.34
USGS	08072000	00065	134317		9	27	1996	2017	22	43.33
USGS	08072000	00065	134317		9	28	1996	2017	22	43.34
USGS	08072000	00065	134317		9	29	1996	2017	22	43.32
USGS	08072000	00065	134317		9	30	1996	2017	22	43.32
USGS	08072000	00065	134317		10	1	1997	2018	22	43.20
USGS	08072000	00065	134317		10	2	1997	2018	22	43.20
USGS	08072000	00065	134317		10	3	1997	2018	22	43.21
USGS	08072000	00065	134317		10	4	1997	2018	22	43.20
USGS	08072000	00065	134317		10	5	1997	2018	22	43.20
USGS	08072000	00065	134317		10	6	1997	2017	21	43.30
USGS	08072000	00065	134317		10	7	1998	2017	20	43.24
USGS	08072000	00065	134317		10	8	1997	2017	21	43.29
USGS	08072000	00065	134317		10	9	1997	2017	21	43.29
USGS	08072000	00065	134317		10	10	1997	2017	21	43.35
USGS	08072000	00065	134317		10	11	1997	2017	21	43.35
USGS	08072000	00065	134317		10	12	1997	2017	21	43.35
USGS	08072000	00065	134317		10	13	1997	2017	21	43.38
USGS	08072000	00065	134317		10	14	1997	2017	21	43.40
USGS	08072000	00065	134317		10	15	1997	2017	21	43.40
USGS	08072000	00065	134317		10	16	1997	2017	21	43.47
USGS	08072000	00065	134317		10	17	1997	2017	21	43.42
USGS	08072000	00065	134317		10	18	1997	2017	21	43.42
USGS	08072000	00065	134317		10	19	1997	2017	21	43.51
USGS	08072000	00065	134317		10	20	1997	2017	21	43.49
USGS	08072000	00065	134317		10	21	1997	2017	21	43.40
USGS	08072000	00065	134317		10	22	1997	2017	21	43.33
USGS	08072000	00065	134317		10	23	1997	2017	21	43.28
USGS	08072000	00065	134317		10	24	1997	2017	21	43.25
USGS	08072000	00065	134317		10	25	1997	2017	21	43.30
USGS	08072000	00065	134317		10	26	1997	2017	21	43.28
USGS	08072000	00065	134317		10	27	1997	2017	21	43.33
USGS	08072000	00065	134317		10	28	1997	2017	21	43.33
USGS	08072000	00065	134317		10	29	1997	2017	21	43.37
USGS	08072000	00065	134317		10	30	1997	2017	21	43.37
USGS	08072000	00065	134317		10	31	1997	2017	21	43.40
USGS	08072000	00065	134317		11	1	1997	2017	21	43.39
USGS	08072000	00065	134317		11	2	1997	2017	21	43.33
USGS	08072000	00065	134317		11	3	1997	2017	21	43.33
USGS	08072000	00065	134317		11	4	1997	2017	21	43.43
USGS	08072000	00065	134317		11	5	1997	2017	21	43.47
USGS	08072000	00065	134317		11	6	1997	2017	21	43.51
USGS	08072000	00065	134317		11	7	1997	2017	21	43.58
USGS	08072000	00065	134317		11	8	1997	2017	21	43.61
USGS	08072000	00065	134317		11	9	1997	2017	21	43.60
USGS	08072000	00065	134317		11	10	1997	2017	21	43.58
USGS	08072000	00065	134317		11	11	1997	2017	21	43.55
USGS	08072000	00065	134317		11	12	1997	2017	21	43.57
USGS	08072000	00065	134317		11	13	1997	2017	21	43.68
USGS	08072000	00065	134317		11	14	1997	2017	21	43.74
USGS	08072000	00065	134317		11	15	1997	2017	21	43.78
USGS	08072000	00065	134317		11	16	1997	2017	21	43.73
USGS	08072000	00065	134317		11	17	1997	2017	20	43.80
USGS	08072000	00065	134317		11	18	1997	2017	20	43.94
USGS	08072000	00065	134317		11	19	1997	2017	21	43.80
USGS	08072000	00065	134317		11	20	1997	2017	21	43.72
USGS	08072000	00065	134317		11	21	1997	2017	21	43.66
USGS	08072000	00065	134317		11	22	1997	2017	21	43.60
USGS	08072000	00065	134317		11	23	1997	2017	21	43.63
USGS	08072000	00065	134317		11	24	1997	2017	21	43.70
USGS	08072000	00065	134317		11	25	1997	2017	21	43.76
USGS	08072000	00065	134317		11	26	1997	2017	21	43.77
USGS	08072000	00065	134317		11	27	1997	2017	21	43.79
USGS	08072000	00065	134317		11	28	1997	2017	21	43.80
USGS	08072000	00065	134317		11	29	1997	2017	21	43.83
USGS	08072000	00065	134317		11	30	1997	2016	20	43.92
USGS	08072000	00065	134317		12	1	1997	2017	21	43.82
USGS	08072000	00065	134317		12	2	1997	2017	21	43.80
USGS	08072000	00065	134317		12	3	1997	2017	21	43.78
USGS	08072000	00065	134317		12	4	1997	2017	21	43.79
USGS	08072000	00065	134317		12	5	1997	2017	21	43.78
USGS	08072000	00065	134317		12	6	1997	2017	21	43.75
USGS	08072000	00065	134317		12	7	1997	2017	21	43.71
USGS	08072000	00065	134317		12	8	1997	2017	21	43.69
USGS	08072000	00065	134317		12	9	1997	2017	21	43.70
USGS	08072000	00065	134317		12	10	1997	2017	21	43.70
USGS	08072000	00065	134317		12	11	1997	2017	21	43.71
USGS	08072000	00065	134317		12	12	1997	2017	21	43.82
USGS	08072000	00065	134317		12	13	1997	2017	21	43.88
USGS	08072000	00065	134317		12	14	1997	2017	21	43.89
USGS	08072000	00065	134317		12	15	1997	2017	21	43.91
USGS	08072000	00065	134317		12	16	1997	2017	21	43.87
USGS	08072000	00065	134317		12	17	1997	2017	21	43.87
USGS	08072000	00065	134317		12	18	1997	2017	21	43.79
USGS	08072000	00065	134317		12	19	1997	2017	21	43.75
USGS	08072000	00065	134317		12	20	1997	2017	21	43.72
USGS	08072000	00065	134317		12	21	1997	2017	20	43.88
USGS	08072000	00065	134317		12	22	1997	2017	20	43.97
USGS	08072000	00065	134317		12	23	1997	2017	21	43.88
USGS	08072000	00065	134317		12	24	1997	2017	21	43.90
USGS	08072000	00065	134317		12	25	1997	2017	21	43.92
USGS	08072000	00065	134317		12	26	1997	2017	21	43.91
USGS	08072000	00065	134317		12	27	1997	2017	21	43.88
USGS	08072000	00065	134317		12	28	1997	2017	21	43.88
USGS	08072000	00065	134317		12	29	1997	2017	21	43.85
USGS	08072000	00065	134317		12	30	1997	2017	21	43.89
USGS	08072000	00065	134317		12	31	1997	2017	21	43.96
