#
#
# US Geological Survey, Water Resources Data
# retrieved: 2019-02-26 15:07:59 -05:00	(natwebcaas01)
#
# This file contains USGS Daily Statistics
#
# Note:The statistics generated are based on approved daily-mean data and may not match those published by the USGS in official publications.
# The user is responsible for assessment and use of statistics from this site.
# For more details on why the statistics may not match, visit http://help.waterdata.usgs.gov/faq/about-statistics.
#
# Data heading explanations.
# agency_cd       -- agency code
# site_no         -- Site identification number
# parameter_cd    -- Parameter code
# station_nm      -- Site name
# loc_web_ds      -- Additional measurement description
#
# Data for the following 1 site(s) are contained in this file
# agency_cd   site_no      parameter_cd   station_nm (loc_web_ds)
# USGS        08075000     00065          Brays Bayou at Houston, TX
#
# Explanation of Parameter Codes
# parameter_cd	Parameter Name
# 00065         Gage height, feet
#
# Data heading explanations.
# month_nu    ... The month for which the statistics apply.
# day_nu      ... The day for which the statistics apply.
# begin_yr    ... First water year of data of daily mean values for this day.
# end_yr      ... Last water year of data of daily mean values for this day.
# count_nu    ... Number of values used in the calculation.
# mean_va     ... Mean of daily mean values for this day.
#
agency_cd	site_no	parameter_cd	ts_id	loc_web_ds	month_nu	day_nu	begin_yr	end_yr	count_nu	mean_va
5s	15s	5s	10n	15s	3n	3n	6n	6n	8n	12s
USGS	08075000	00065	134509		1	1	1989	2019	21	20.39
USGS	08075000	00065	134509		1	2	1989	2019	21	20.71
USGS	08075000	00065	134509		1	3	1989	2019	22	20.82
USGS	08075000	00065	134509		1	4	1989	2019	22	20.75
USGS	08075000	00065	134509		1	5	1989	2019	22	20.71
USGS	08075000	00065	134509		1	6	1989	2019	22	20.63
USGS	08075000	00065	134509		1	7	1989	2019	22	20.65
USGS	08075000	00065	134509		1	8	1989	2019	22	20.78
USGS	08075000	00065	134509		1	9	1989	2019	22	21.33
USGS	08075000	00065	134509		1	10	1989	2019	22	20.88
USGS	08075000	00065	134509		1	11	1989	2019	22	20.86
USGS	08075000	00065	134509		1	12	1989	2019	22	20.71
USGS	08075000	00065	134509		1	13	1989	2019	21	20.51
USGS	08075000	00065	134509		1	14	1989	2019	21	20.35
USGS	08075000	00065	134509		1	15	1989	2019	21	20.41
USGS	08075000	00065	134509		1	16	1989	2019	21	20.81
USGS	08075000	00065	134509		1	17	1989	2019	20	20.57
USGS	08075000	00065	134509		1	18	1989	2019	19	21.23
USGS	08075000	00065	134509		1	19	1989	2019	20	21.22
USGS	08075000	00065	134509		1	20	1989	2019	22	20.92
USGS	08075000	00065	134509		1	21	1989	2019	22	20.80
USGS	08075000	00065	134509		1	22	1989	2019	21	21.05
USGS	08075000	00065	134509		1	23	1989	2019	21	20.65
USGS	08075000	00065	134509		1	24	1989	2019	22	21.14
USGS	08075000	00065	134509		1	25	1989	2019	22	21.06
USGS	08075000	00065	134509		1	26	1989	2019	22	20.71
USGS	08075000	00065	134509		1	27	1989	2019	22	20.87
USGS	08075000	00065	134509		1	28	1989	2019	22	20.75
USGS	08075000	00065	134509		1	29	1989	2019	22	20.89
USGS	08075000	00065	134509		1	30	1989	2019	22	20.67
USGS	08075000	00065	134509		1	31	1989	2019	21	20.36
USGS	08075000	00065	134509		2	1	1989	2019	22	20.79
USGS	08075000	00065	134509		2	2	1989	2019	22	20.61
USGS	08075000	00065	134509		2	3	1989	2019	22	20.63
USGS	08075000	00065	134509		2	4	1989	2019	22	20.94
USGS	08075000	00065	134509		2	5	1989	2019	22	20.68
USGS	08075000	00065	134509		2	6	1989	2019	22	20.68
USGS	08075000	00065	134509		2	7	1989	2019	22	20.64
USGS	08075000	00065	134509		2	8	1989	2018	21	20.90
USGS	08075000	00065	134509		2	9	1989	2018	21	20.92
USGS	08075000	00065	134509		2	10	1989	2018	21	21.34
USGS	08075000	00065	134509		2	11	1989	2018	21	21.28
USGS	08075000	00065	134509		2	12	1989	2018	21	20.99
USGS	08075000	00065	134509		2	13	1989	2018	21	21.04
USGS	08075000	00065	134509		2	14	1989	2018	21	21.02
USGS	08075000	00065	134509		2	15	1989	2018	21	20.87
USGS	08075000	00065	134509		2	16	1989	2018	21	20.77
USGS	08075000	00065	134509		2	17	1989	2018	21	20.95
USGS	08075000	00065	134509		2	18	1989	2018	21	21.09
USGS	08075000	00065	134509		2	19	1989	2018	21	20.82
USGS	08075000	00065	134509		2	20	1989	2018	21	21.12
USGS	08075000	00065	134509		2	21	1989	2018	20	21.07
USGS	08075000	00065	134509		2	22	1989	2018	19	20.49
USGS	08075000	00065	134509		2	23	1989	2018	19	20.45
USGS	08075000	00065	134509		2	24	1989	2018	21	21.01
USGS	08075000	00065	134509		2	25	1989	2018	20	20.62
USGS	08075000	00065	134509		2	26	1989	2018	20	20.56
USGS	08075000	00065	134509		2	27	1989	2018	20	20.53
USGS	08075000	00065	134509		2	28	1989	2018	20	20.41
USGS	08075000	00065	134509		2	29	2004	2016	4	19.14
USGS	08075000	00065	134509		3	1	1989	2018	21	20.88
USGS	08075000	00065	134509		3	2	1989	2018	21	20.96
USGS	08075000	00065	134509		3	3	1989	2018	21	20.88
USGS	08075000	00065	134509		3	4	1989	2018	20	20.60
USGS	08075000	00065	134509		3	5	1989	2018	19	20.51
USGS	08075000	00065	134509		3	6	1989	2018	19	20.40
USGS	08075000	00065	134509		3	7	1989	2018	21	20.86
USGS	08075000	00065	134509		3	8	1989	2018	21	20.87
USGS	08075000	00065	134509		3	9	1989	2018	21	21.30
USGS	08075000	00065	134509		3	10	1989	2018	20	21.32
USGS	08075000	00065	134509		3	11	1989	2018	20	20.99
USGS	08075000	00065	134509		3	12	1989	2018	19	20.57
USGS	08075000	00065	134509		3	13	1989	2018	19	20.54
USGS	08075000	00065	134509		3	14	1989	2018	20	21.33
USGS	08075000	00065	134509		3	15	1989	2018	20	21.44
USGS	08075000	00065	134509		3	16	1989	2018	21	20.87
USGS	08075000	00065	134509		3	17	1989	2018	20	20.92
USGS	08075000	00065	134509		3	18	1989	2018	21	20.74
USGS	08075000	00065	134509		3	19	1989	2018	21	20.95
USGS	08075000	00065	134509		3	20	1989	2018	20	21.34
USGS	08075000	00065	134509		3	21	1989	2018	21	20.93
USGS	08075000	00065	134509		3	22	1989	2018	20	21.02
USGS	08075000	00065	134509		3	23	1989	2018	21	20.68
USGS	08075000	00065	134509		3	24	1989	2018	21	20.77
USGS	08075000	00065	134509		3	25	1989	2018	21	20.71
USGS	08075000	00065	134509		3	26	1989	2018	20	21.06
USGS	08075000	00065	134509		3	27	1989	2018	21	20.87
USGS	08075000	00065	134509		3	28	1989	2018	21	21.23
USGS	08075000	00065	134509		3	29	1989	2018	21	21.36
USGS	08075000	00065	134509		3	30	1989	2018	21	20.90
USGS	08075000	00065	134509		3	31	1989	2018	21	20.93
USGS	08075000	00065	134509		4	1	1989	2018	21	20.81
USGS	08075000	00065	134509		4	2	1989	2018	21	20.98
USGS	08075000	00065	134509		4	3	1989	2018	21	21.10
USGS	08075000	00065	134509		4	4	1989	2018	20	20.59
USGS	08075000	00065	134509		4	5	1989	2018	21	20.65
USGS	08075000	00065	134509		4	6	1989	2018	21	20.70
USGS	08075000	00065	134509		4	7	1989	2018	21	20.74
USGS	08075000	00065	134509		4	8	1989	2018	21	21.30
USGS	08075000	00065	134509		4	9	1989	2018	21	20.72
USGS	08075000	00065	134509		4	10	1989	2018	21	20.72
USGS	08075000	00065	134509		4	11	1989	2018	20	20.90
USGS	08075000	00065	134509		4	12	1989	2018	21	21.09
USGS	08075000	00065	134509		4	13	1989	2018	21	20.85
USGS	08075000	00065	134509		4	14	1989	2018	20	20.61
USGS	08075000	00065	134509		4	15	1989	2018	21	20.70
USGS	08075000	00065	134509		4	16	1989	2018	21	20.89
USGS	08075000	00065	134509		4	17	1989	2018	21	21.27
USGS	08075000	00065	134509		4	18	1989	2018	21	22.55
USGS	08075000	00065	134509		4	19	1989	2018	21	21.35
USGS	08075000	00065	134509		4	20	1989	2018	21	21.00
USGS	08075000	00065	134509		4	21	1989	2018	21	21.00
USGS	08075000	00065	134509		4	22	1989	2018	21	20.91
USGS	08075000	00065	134509		4	23	1989	2018	21	20.72
USGS	08075000	00065	134509		4	24	1989	2018	21	20.89
USGS	08075000	00065	134509		4	25	1989	2018	21	21.20
USGS	08075000	00065	134509		4	26	1989	2018	21	20.91
USGS	08075000	00065	134509		4	27	1989	2018	21	21.23
USGS	08075000	00065	134509		4	28	1989	2018	21	21.61
USGS	08075000	00065	134509		4	29	1989	2018	21	21.04
USGS	08075000	00065	134509		4	30	1989	2018	21	20.83
USGS	08075000	00065	134509		5	1	1989	2018	21	21.04
USGS	08075000	00065	134509		5	2	1989	2018	21	20.99
USGS	08075000	00065	134509		5	3	1989	2018	21	21.01
USGS	08075000	00065	134509		5	4	1989	2018	21	20.92
USGS	08075000	00065	134509		5	5	1989	2018	21	20.34
USGS	08075000	00065	134509		5	6	1989	2018	21	19.57
USGS	08075000	00065	134509		5	7	1989	2018	21	19.81
USGS	08075000	00065	134509		5	8	1989	2018	21	19.58
USGS	08075000	00065	134509		5	9	1989	2018	21	19.49
USGS	08075000	00065	134509		5	10	1989	2018	21	20.08
USGS	08075000	00065	134509		5	11	1989	2018	20	21.01
USGS	08075000	00065	134509		5	12	1989	2018	20	21.41
USGS	08075000	00065	134509		5	13	1989	2018	21	21.79
USGS	08075000	00065	134509		5	14	1989	2018	21	21.59
USGS	08075000	00065	134509		5	15	1989	2018	21	21.28
USGS	08075000	00065	134509		5	16	1989	2018	21	20.89
USGS	08075000	00065	134509		5	17	1989	2018	21	21.03
USGS	08075000	00065	134509		5	18	1989	2018	21	21.36
USGS	08075000	00065	134509		5	19	1989	2018	21	20.91
USGS	08075000	00065	134509		5	20	1989	2018	21	20.96
USGS	08075000	00065	134509		5	21	1989	2018	21	20.85
USGS	08075000	00065	134509		5	22	1989	2018	20	21.16
USGS	08075000	00065	134509		5	23	1989	2018	21	20.74
USGS	08075000	00065	134509		5	24	1989	2018	21	20.82
USGS	08075000	00065	134509		5	25	1989	2018	21	20.72
USGS	08075000	00065	134509		5	26	1989	2018	21	21.80
USGS	08075000	00065	134509		5	27	1989	2018	21	21.41
USGS	08075000	00065	134509		5	28	1989	2018	21	21.44
USGS	08075000	00065	134509		5	29	1989	2018	21	21.17
USGS	08075000	00065	134509		5	30	1989	2018	21	21.23
USGS	08075000	00065	134509		5	31	1989	2018	21	21.28
USGS	08075000	00065	134509		6	1	1989	2018	21	21.06
USGS	08075000	00065	134509		6	2	1989	2018	21	21.10
USGS	08075000	00065	134509		6	3	1989	2018	19	20.99
USGS	08075000	00065	134509		6	4	1989	2018	19	21.09
USGS	08075000	00065	134509		6	5	1989	2018	20	21.05
USGS	08075000	00065	134509		6	6	1989	2018	19	20.40
USGS	08075000	00065	134509		6	7	1989	2018	20	20.94
USGS	08075000	00065	134509		6	8	1988	2018	21	20.94
USGS	08075000	00065	134509		6	9	1988	2018	21	20.85
USGS	08075000	00065	134509		6	10	1988	2018	21	20.77
USGS	08075000	00065	134509		6	11	1988	2018	22	20.91
USGS	08075000	00065	134509		6	12	1988	2018	22	21.09
USGS	08075000	00065	134509		6	13	1988	2018	20	21.54
USGS	08075000	00065	134509		6	14	1988	2018	21	21.40
USGS	08075000	00065	134509		6	15	1988	2018	22	21.25
USGS	08075000	00065	134509		6	16	1988	2018	22	21.37
USGS	08075000	00065	134509		6	17	1988	2018	22	21.56
USGS	08075000	00065	134509		6	18	1988	2018	22	21.19
USGS	08075000	00065	134509		6	19	1988	2018	22	21.26
USGS	08075000	00065	134509		6	20	1988	2018	22	21.33
USGS	08075000	00065	134509		6	21	1988	2018	22	21.20
USGS	08075000	00065	134509		6	22	1988	2018	22	21.35
USGS	08075000	00065	134509		6	23	1988	2018	22	21.66
USGS	08075000	00065	134509		6	24	1988	2018	22	21.72
USGS	08075000	00065	134509		6	25	1988	2018	22	21.85
USGS	08075000	00065	134509		6	26	1988	2018	22	21.71
USGS	08075000	00065	134509		6	27	1988	2018	22	21.32
USGS	08075000	00065	134509		6	28	1988	2018	22	21.08
USGS	08075000	00065	134509		6	29	1988	2018	22	21.19
USGS	08075000	00065	134509		6	30	1988	2018	22	21.50
USGS	08075000	00065	134509		7	1	1988	2018	21	21.37
USGS	08075000	00065	134509		7	2	1988	2018	21	21.62
USGS	08075000	00065	134509		7	3	1988	2018	22	21.45
USGS	08075000	00065	134509		7	4	1988	2018	22	21.62
USGS	08075000	00065	134509		7	5	1988	2018	21	21.37
USGS	08075000	00065	134509		7	6	1988	2018	21	21.29
USGS	08075000	00065	134509		7	7	1988	2018	22	21.71
USGS	08075000	00065	134509		7	8	1988	2018	22	21.63
USGS	08075000	00065	134509		7	9	1988	2018	22	21.33
USGS	08075000	00065	134509		7	10	1988	2018	22	21.23
USGS	08075000	00065	134509		7	11	1988	2018	22	21.23
USGS	08075000	00065	134509		7	12	1988	2018	22	21.28
USGS	08075000	00065	134509		7	13	1988	2018	22	21.32
USGS	08075000	00065	134509		7	14	1988	2018	22	21.34
USGS	08075000	00065	134509		7	15	1988	2018	22	21.57
USGS	08075000	00065	134509		7	16	1988	2018	22	21.41
USGS	08075000	00065	134509		7	17	1988	2018	22	21.40
USGS	08075000	00065	134509		7	18	1988	2018	22	21.39
USGS	08075000	00065	134509		7	19	1988	2018	22	21.36
USGS	08075000	00065	134509		7	20	1988	2018	21	21.06
USGS	08075000	00065	134509		7	21	1988	2018	22	21.11
USGS	08075000	00065	134509		7	22	1988	2018	22	21.16
USGS	08075000	00065	134509		7	23	1988	2018	22	21.33
USGS	08075000	00065	134509		7	24	1988	2018	22	21.37
USGS	08075000	00065	134509		7	25	1988	2018	22	21.43
USGS	08075000	00065	134509		7	26	1988	2018	22	21.71
USGS	08075000	00065	134509		7	27	1988	2018	22	21.32
USGS	08075000	00065	134509		7	28	1988	2018	22	21.13
USGS	08075000	00065	134509		7	29	1988	2018	22	21.13
USGS	08075000	00065	134509		7	30	1988	2018	22	21.01
USGS	08075000	00065	134509		7	31	1988	2018	22	21.05
USGS	08075000	00065	134509		8	1	1988	2018	22	21.80
USGS	08075000	00065	134509		8	2	1988	2018	22	21.36
USGS	08075000	00065	134509		8	3	1988	2018	22	21.20
USGS	08075000	00065	134509		8	4	1988	2018	22	21.11
USGS	08075000	00065	134509		8	5	1988	2018	22	21.23
USGS	08075000	00065	134509		8	6	1988	2018	22	21.03
USGS	08075000	00065	134509		8	7	1988	2018	22	21.07
USGS	08075000	00065	134509		8	8	1988	2018	22	21.39
USGS	08075000	00065	134509		8	9	1988	2018	22	21.12
USGS	08075000	00065	134509		8	10	1988	2018	20	21.15
USGS	08075000	00065	134509		8	11	1988	2018	20	21.29
USGS	08075000	00065	134509		8	12	1988	2018	22	21.12
USGS	08075000	00065	134509		8	13	1988	2018	21	20.85
USGS	08075000	00065	134509		8	14	1988	2018	21	20.82
USGS	08075000	00065	134509		8	15	1988	2018	21	21.35
USGS	08075000	00065	134509		8	16	1988	2018	22	21.72
USGS	08075000	00065	134509		8	17	1988	2018	22	21.27
USGS	08075000	00065	134509		8	18	1988	2018	22	21.17
USGS	08075000	00065	134509		8	19	1988	2018	22	21.45
USGS	08075000	00065	134509		8	20	1988	2018	22	21.33
USGS	08075000	00065	134509		8	21	1988	2018	21	21.23
USGS	08075000	00065	134509		8	22	1988	2018	22	21.25
USGS	08075000	00065	134509		8	23	1988	2018	22	21.11
USGS	08075000	00065	134509		8	24	1988	2018	21	20.78
USGS	08075000	00065	134509		8	25	1988	2018	21	20.88
USGS	08075000	00065	134509		8	26	1988	2018	20	21.50
USGS	08075000	00065	134509		8	27	1988	2018	21	22.18
USGS	08075000	00065	134509		8	28	1988	2018	22	22.58
USGS	08075000	00065	134509		8	29	1988	2018	22	22.11
USGS	08075000	00065	134509		8	30	1988	2018	21	21.63
USGS	08075000	00065	134509		8	31	1988	2018	22	21.86
USGS	08075000	00065	134509		9	1	1988	2018	22	21.67
USGS	08075000	00065	134509		9	2	1988	2018	22	21.51
USGS	08075000	00065	134509		9	3	1988	2018	22	21.33
USGS	08075000	00065	134509		9	4	1988	2018	22	21.26
USGS	08075000	00065	134509		9	5	1988	2018	22	21.18
USGS	08075000	00065	134509		9	6	1988	2018	22	21.10
USGS	08075000	00065	134509		9	7	1988	2018	22	21.37
USGS	08075000	00065	134509		9	8	1989	2018	21	20.98
USGS	08075000	00065	134509		9	9	1989	2018	21	20.96
USGS	08075000	00065	134509		9	10	1988	2018	21	21.36
USGS	08075000	00065	134509		9	11	1988	2018	21	21.76
USGS	08075000	00065	134509		9	12	1988	2018	21	21.61
USGS	08075000	00065	134509		9	13	1988	2018	21	22.05
USGS	08075000	00065	134509		9	14	1988	2018	22	21.58
USGS	08075000	00065	134509		9	15	1988	2018	22	21.28
USGS	08075000	00065	134509		9	16	1988	2018	21	21.33
USGS	08075000	00065	134509		9	17	1988	2018	22	21.16
USGS	08075000	00065	134509		9	18	1988	2018	22	21.30
USGS	08075000	00065	134509		9	19	1988	2018	22	21.60
USGS	08075000	00065	134509		9	20	1988	2018	22	21.31
USGS	08075000	00065	134509		9	21	1988	2018	22	21.62
USGS	08075000	00065	134509		9	22	1988	2018	21	21.04
USGS	08075000	00065	134509		9	23	1988	2018	21	20.82
USGS	08075000	00065	134509		9	24	1988	2018	21	20.91
USGS	08075000	00065	134509		9	25	1988	2018	21	20.77
USGS	08075000	00065	134509		9	26	1988	2018	22	20.99
USGS	08075000	00065	134509		9	27	1988	2018	22	20.87
USGS	08075000	00065	134509		9	28	1988	2018	22	20.92
USGS	08075000	00065	134509		9	29	1988	2018	22	21.23
USGS	08075000	00065	134509		9	30	1988	2018	22	21.09
USGS	08075000	00065	134509		10	1	1989	2019	23	20.46
USGS	08075000	00065	134509		10	2	1989	2019	23	20.69
USGS	08075000	00065	134509		10	3	1989	2019	23	20.57
USGS	08075000	00065	134509		10	4	1989	2019	23	20.57
USGS	08075000	00065	134509		10	5	1989	2019	23	20.11
USGS	08075000	00065	134509		10	6	1989	2019	23	20.01
USGS	08075000	00065	134509		10	7	1989	2019	23	19.96
USGS	08075000	00065	134509		10	8	1989	2019	23	19.74
USGS	08075000	00065	134509		10	9	1989	2019	23	20.24
USGS	08075000	00065	134509		10	10	1989	2019	23	20.00
USGS	08075000	00065	134509		10	11	1989	2019	23	19.69
USGS	08075000	00065	134509		10	12	1989	2019	23	19.84
USGS	08075000	00065	134509		10	13	1989	2019	23	20.01
USGS	08075000	00065	134509		10	14	1989	2019	23	19.90
USGS	08075000	00065	134509		10	15	1989	2019	23	19.97
USGS	08075000	00065	134509		10	16	1989	2019	23	20.50
USGS	08075000	00065	134509		10	17	1989	2019	23	19.99
USGS	08075000	00065	134509		10	18	1989	2019	22	20.91
USGS	08075000	00065	134509		10	19	1989	2019	22	20.83
USGS	08075000	00065	134509		10	20	1989	2019	21	20.88
USGS	08075000	00065	134509		10	21	1989	2019	22	20.60
USGS	08075000	00065	134509		10	22	1989	2019	22	20.98
USGS	08075000	00065	134509		10	23	1989	2019	22	20.81
USGS	08075000	00065	134509		10	24	1989	2019	22	20.85
USGS	08075000	00065	134509		10	25	1989	2019	22	21.35
USGS	08075000	00065	134509		10	26	1989	2019	22	21.11
USGS	08075000	00065	134509		10	27	1989	2019	21	21.12
USGS	08075000	00065	134509		10	28	1989	2019	22	20.77
USGS	08075000	00065	134509		10	29	1989	2019	22	20.86
USGS	08075000	00065	134509		10	30	1989	2019	22	20.76
USGS	08075000	00065	134509		10	31	1989	2019	22	21.78
USGS	08075000	00065	134509		11	1	1989	2019	22	21.39
USGS	08075000	00065	134509		11	2	1989	2019	22	21.13
USGS	08075000	00065	134509		11	3	1989	2019	22	20.93
USGS	08075000	00065	134509		11	4	1989	2019	22	20.99
USGS	08075000	00065	134509		11	5	1989	2019	22	20.70
USGS	08075000	00065	134509		11	6	1989	2019	22	20.76
USGS	08075000	00065	134509		11	7	1989	2019	22	20.63
USGS	08075000	00065	134509		11	8	1989	2019	22	20.52
USGS	08075000	00065	134509		11	9	1989	2019	22	20.48
USGS	08075000	00065	134509		11	10	1989	2019	22	20.59
USGS	08075000	00065	134509		11	11	1989	2019	22	20.63
USGS	08075000	00065	134509		11	12	1989	2019	22	21.04
USGS	08075000	00065	134509		11	13	1989	2019	22	21.22
USGS	08075000	00065	134509		11	14	1989	2019	22	20.87
USGS	08075000	00065	134509		11	15	1989	2019	22	20.61
USGS	08075000	00065	134509		11	16	1989	2019	22	20.88
USGS	08075000	00065	134509		11	17	1989	2019	22	21.45
USGS	08075000	00065	134509		11	18	1989	2019	22	21.63
USGS	08075000	00065	134509		11	19	1989	2019	22	20.73
USGS	08075000	00065	134509		11	20	1989	2019	22	20.84
USGS	08075000	00065	134509		11	21	1989	2019	22	20.83
USGS	08075000	00065	134509		11	22	1989	2019	22	20.94
USGS	08075000	00065	134509		11	23	1989	2019	21	20.89
USGS	08075000	00065	134509		11	24	1989	2019	22	21.06
USGS	08075000	00065	134509		11	25	1989	2019	22	20.79
USGS	08075000	00065	134509		11	26	1989	2019	22	20.86
USGS	08075000	00065	134509		11	27	1989	2019	22	20.63
USGS	08075000	00065	134509		11	28	1989	2019	22	20.66
USGS	08075000	00065	134509		11	29	1989	2019	22	20.57
USGS	08075000	00065	134509		11	30	1989	2019	22	20.55
USGS	08075000	00065	134509		12	1	1989	2019	20	20.50
USGS	08075000	00065	134509		12	2	1989	2019	22	20.77
USGS	08075000	00065	134509		12	3	1989	2019	22	20.75
USGS	08075000	00065	134509		12	4	1989	2019	22	20.85
USGS	08075000	00065	134509		12	5	1989	2019	21	21.02
USGS	08075000	00065	134509		12	6	1989	2019	22	20.66
USGS	08075000	00065	134509		12	7	1989	2019	20	20.25
USGS	08075000	00065	134509		12	8	1989	2019	21	20.87
USGS	08075000	00065	134509		12	9	1989	2019	21	20.57
USGS	08075000	00065	134509		12	10	1989	2019	22	20.64
USGS	08075000	00065	134509		12	11	1989	2019	21	20.69
USGS	08075000	00065	134509		12	12	1989	2019	21	21.13
USGS	08075000	00065	134509		12	13	1989	2019	20	21.35
USGS	08075000	00065	134509		12	14	1989	2019	21	21.13
USGS	08075000	00065	134509		12	15	1989	2019	22	20.74
USGS	08075000	00065	134509		12	16	1989	2019	20	20.30
USGS	08075000	00065	134509		12	17	1989	2019	19	19.90
USGS	08075000	00065	134509		12	18	1989	2019	21	20.32
USGS	08075000	00065	134509		12	19	1989	2019	21	20.61
USGS	08075000	00065	134509		12	20	1989	2019	20	20.16
USGS	08075000	00065	134509		12	21	1989	2019	20	20.12
USGS	08075000	00065	134509		12	22	1989	2019	22	20.72
USGS	08075000	00065	134509		12	23	1989	2019	21	20.35
USGS	08075000	00065	134509		12	24	1989	2019	20	20.66
USGS	08075000	00065	134509		12	25	1989	2019	21	20.79
USGS	08075000	00065	134509		12	26	1989	2019	21	20.31
USGS	08075000	00065	134509		12	27	1989	2019	20	20.79
USGS	08075000	00065	134509		12	28	1989	2019	21	20.96
USGS	08075000	00065	134509		12	29	1989	2019	22	20.87
USGS	08075000	00065	134509		12	30	1989	2019	22	20.73
USGS	08075000	00065	134509		12	31	1989	2019	22	20.67
