#
#
# US Geological Survey, Water Resources Data
# retrieved: 2019-02-26 15:07:59 -05:00	(natwebsdas01)
#
# This file contains USGS Daily Statistics
#
# Note:The statistics generated are based on approved daily-mean data and may not match those published by the USGS in official publications.
# The user is responsible for assessment and use of statistics from this site.
# For more details on why the statistics may not match, visit http://help.waterdata.usgs.gov/faq/about-statistics.
#
# Data heading explanations.
# agency_cd       -- agency code
# site_no         -- Site identification number
# parameter_cd    -- Parameter code
# station_nm      -- Site name
# loc_web_ds      -- Additional measurement description
#
# Data for the following 1 site(s) are contained in this file
# agency_cd   site_no      parameter_cd   station_nm (loc_web_ds)
# USGS        08074598     00065          Whiteoak Bayou at Main St, Houston, TX
#
# Explanation of Parameter Codes
# parameter_cd	Parameter Name
# 00065         Gage height, feet
#
# Data heading explanations.
# month_nu    ... The month for which the statistics apply.
# day_nu      ... The day for which the statistics apply.
# begin_yr    ... First water year of data of daily mean values for this day.
# end_yr      ... Last water year of data of daily mean values for this day.
# count_nu    ... Number of values used in the calculation.
# mean_va     ... Mean of daily mean values for this day.
#
agency_cd	site_no	parameter_cd	ts_id	loc_web_ds	month_nu	day_nu	begin_yr	end_yr	count_nu	mean_va
5s	15s	5s	10n	15s	3n	3n	6n	6n	8n	12s
USGS	08074598	00065	134459		1	1	1994	2016	23	2.39
USGS	08074598	00065	134459		1	2	1994	2016	23	2.14
USGS	08074598	00065	134459		1	3	1994	2016	23	2.17
USGS	08074598	00065	134459		1	4	1994	2016	23	2.39
USGS	08074598	00065	134459		1	5	1994	2016	23	2.35
USGS	08074598	00065	134459		1	6	1994	2016	23	2.22
USGS	08074598	00065	134459		1	7	1994	2016	22	2.15
USGS	08074598	00065	134459		1	8	1994	2016	23	2.25
USGS	08074598	00065	134459		1	9	1994	2016	22	2.66
USGS	08074598	00065	134459		1	10	1994	2016	23	2.49
USGS	08074598	00065	134459		1	11	1994	2016	23	2.51
USGS	08074598	00065	134459		1	12	1994	2016	23	2.45
USGS	08074598	00065	134459		1	13	1994	2016	22	2.46
USGS	08074598	00065	134459		1	14	1994	2015	22	2.35
USGS	08074598	00065	134459		1	15	1994	2015	22	2.46
USGS	08074598	00065	134459		1	16	1994	2016	23	2.62
USGS	08074598	00065	134459		1	17	1994	2016	23	2.60
USGS	08074598	00065	134459		1	18	1994	2016	23	2.42
USGS	08074598	00065	134459		1	19	1994	2016	23	2.28
USGS	08074598	00065	134459		1	20	1994	2016	22	2.49
USGS	08074598	00065	134459		1	21	1994	2016	23	2.60
USGS	08074598	00065	134459		1	22	1994	2016	23	2.63
USGS	08074598	00065	134459		1	23	1994	2016	23	2.25
USGS	08074598	00065	134459		1	24	1994	2016	22	2.41
USGS	08074598	00065	134459		1	25	1995	2016	22	2.68
USGS	08074598	00065	134459		1	26	1994	2016	23	2.59
USGS	08074598	00065	134459		1	27	1994	2016	22	2.59
USGS	08074598	00065	134459		1	28	1994	2016	23	2.58
USGS	08074598	00065	134459		1	29	1994	2016	23	2.56
USGS	08074598	00065	134459		1	30	1994	2016	22	2.35
USGS	08074598	00065	134459		1	31	1994	2016	22	2.49
USGS	08074598	00065	134459		2	1	1994	2016	23	2.60
USGS	08074598	00065	134459		2	2	1994	2016	23	2.32
USGS	08074598	00065	134459		2	3	1994	2016	23	2.37
USGS	08074598	00065	134459		2	4	1994	2016	23	2.53
USGS	08074598	00065	134459		2	5	1994	2016	23	2.41
USGS	08074598	00065	134459		2	6	1994	2016	22	2.37
USGS	08074598	00065	134459		2	7	1994	2016	23	2.31
USGS	08074598	00065	134459		2	8	1994	2016	22	2.44
USGS	08074598	00065	134459		2	9	1996	2016	21	2.47
USGS	08074598	00065	134459		2	10	1996	2016	20	2.32
USGS	08074598	00065	134459		2	11	1995	2016	21	2.46
USGS	08074598	00065	134459		2	12	1994	2016	23	2.60
USGS	08074598	00065	134459		2	13	1994	2016	23	2.51
USGS	08074598	00065	134459		2	14	1994	2016	23	2.58
USGS	08074598	00065	134459		2	15	1994	2016	23	2.60
USGS	08074598	00065	134459		2	16	1994	2016	22	2.35
USGS	08074598	00065	134459		2	17	1994	2016	21	2.32
USGS	08074598	00065	134459		2	18	1994	2016	23	2.77
USGS	08074598	00065	134459		2	19	1994	2016	23	2.67
USGS	08074598	00065	134459		2	20	1994	2016	23	2.84
USGS	08074598	00065	134459		2	21	1994	2016	23	2.90
USGS	08074598	00065	134459		2	22	1994	2016	22	2.49
USGS	08074598	00065	134459		2	23	1994	2016	22	2.66
USGS	08074598	00065	134459		2	24	1994	2016	22	2.66
USGS	08074598	00065	134459		2	25	1994	2016	22	2.65
USGS	08074598	00065	134459		2	26	1994	2016	22	2.34
USGS	08074598	00065	134459		2	27	1994	2016	22	2.38
USGS	08074598	00065	134459		2	28	1994	2016	22	2.67
USGS	08074598	00065	134459		2	29	1996	2016	6	2.80
USGS	08074598	00065	134459		3	1	1994	2016	22	2.55
USGS	08074598	00065	134459		3	2	1994	2016	22	2.44
USGS	08074598	00065	134459		3	3	1994	2016	22	2.25
USGS	08074598	00065	134459		3	4	1994	2016	22	2.48
USGS	08074598	00065	134459		3	5	1994	2016	22	2.43
USGS	08074598	00065	134459		3	6	1995	2016	21	2.39
USGS	08074598	00065	134459		3	7	1995	2016	21	2.56
USGS	08074598	00065	134459		3	8	1995	2016	21	2.67
USGS	08074598	00065	134459		3	9	1995	2016	20	2.86
USGS	08074598	00065	134459		3	10	1995	2016	21	2.99
USGS	08074598	00065	134459		3	11	1995	2016	19	2.77
USGS	08074598	00065	134459		3	12	1994	2016	20	2.71
USGS	08074598	00065	134459		3	13	1994	2016	21	3.11
USGS	08074598	00065	134459		3	14	1994	2016	23	3.21
USGS	08074598	00065	134459		3	15	1994	2016	23	3.17
USGS	08074598	00065	134459		3	16	1994	2016	22	2.96
USGS	08074598	00065	134459		3	17	1994	2016	22	2.99
USGS	08074598	00065	134459		3	18	1994	2016	23	3.18
USGS	08074598	00065	134459		3	19	1994	2016	23	3.11
USGS	08074598	00065	134459		3	20	1994	2016	23	2.77
USGS	08074598	00065	134459		3	21	1994	2016	23	2.60
USGS	08074598	00065	134459		3	22	1994	2016	23	2.75
USGS	08074598	00065	134459		3	23	1994	2016	23	2.82
USGS	08074598	00065	134459		3	24	1994	2016	23	2.90
USGS	08074598	00065	134459		3	25	1994	2016	23	2.80
USGS	08074598	00065	134459		3	26	1994	2016	22	2.88
USGS	08074598	00065	134459		3	27	1994	2016	22	3.09
USGS	08074598	00065	134459		3	28	1994	2016	22	3.15
USGS	08074598	00065	134459		3	29	1994	2016	21	2.75
USGS	08074598	00065	134459		3	30	1994	2016	21	2.89
USGS	08074598	00065	134459		3	31	1995	2016	19	2.86
USGS	08074598	00065	134459		4	1	1995	2016	19	2.95
USGS	08074598	00065	134459		4	2	1995	2016	20	3.20
USGS	08074598	00065	134459		4	3	1994	2016	21	3.30
USGS	08074598	00065	134459		4	4	1994	2016	21	3.35
USGS	08074598	00065	134459		4	5	1994	2016	21	3.19
USGS	08074598	00065	134459		4	6	1994	2016	21	3.11
USGS	08074598	00065	134459		4	7	1994	2016	21	2.94
USGS	08074598	00065	134459		4	8	1994	2016	22	3.20
USGS	08074598	00065	134459		4	9	1995	2016	21	2.95
USGS	08074598	00065	134459		4	10	1994	2016	22	3.43
USGS	08074598	00065	134459		4	11	1994	2016	22	3.53
USGS	08074598	00065	134459		4	12	1994	2016	22	3.16
USGS	08074598	00065	134459		4	13	1994	2016	22	3.04
USGS	08074598	00065	134459		4	14	1994	2016	23	3.06
USGS	08074598	00065	134459		4	15	1994	2016	23	2.91
USGS	08074598	00065	134459		4	16	1994	2016	23	3.11
USGS	08074598	00065	134459		4	17	1994	2016	23	3.51
USGS	08074598	00065	134459		4	18	1994	2016	23	4.38
USGS	08074598	00065	134459		4	19	1994	2016	23	3.51
USGS	08074598	00065	134459		4	20	1994	2016	23	3.11
USGS	08074598	00065	134459		4	21	1995	2016	22	3.06
USGS	08074598	00065	134459		4	22	1994	2016	23	3.16
USGS	08074598	00065	134459		4	23	1994	2016	23	3.05
USGS	08074598	00065	134459		4	24	1994	2016	23	3.17
USGS	08074598	00065	134459		4	25	1994	2016	23	3.54
USGS	08074598	00065	134459		4	26	1994	2016	23	3.38
USGS	08074598	00065	134459		4	27	1994	2016	23	3.42
USGS	08074598	00065	134459		4	28	1994	2016	23	3.82
USGS	08074598	00065	134459		4	29	1994	2016	23	3.53
USGS	08074598	00065	134459		4	30	1994	2016	23	3.35
USGS	08074598	00065	134459		5	1	1994	2016	23	3.61
USGS	08074598	00065	134459		5	2	1994	2016	23	3.46
USGS	08074598	00065	134459		5	3	1994	2016	23	3.26
USGS	08074598	00065	134459		5	4	1994	2016	23	3.39
USGS	08074598	00065	134459		5	5	1994	2016	23	3.41
USGS	08074598	00065	134459		5	6	1994	2016	23	3.51
USGS	08074598	00065	134459		5	7	1994	2016	23	3.49
USGS	08074598	00065	134459		5	8	1994	2016	23	3.68
USGS	08074598	00065	134459		5	9	1994	2016	23	3.58
USGS	08074598	00065	134459		5	10	1994	2016	23	3.62
USGS	08074598	00065	134459		5	11	1994	2016	23	3.95
USGS	08074598	00065	134459		5	12	1994	2016	22	3.67
USGS	08074598	00065	134459		5	13	1994	2016	22	3.77
USGS	08074598	00065	134459		5	14	1994	2016	22	3.49
USGS	08074598	00065	134459		5	15	1994	2016	22	3.41
USGS	08074598	00065	134459		5	16	1995	2016	21	3.18
USGS	08074598	00065	134459		5	17	1995	2016	21	3.22
USGS	08074598	00065	134459		5	18	1994	2016	22	3.10
USGS	08074598	00065	134459		5	19	1994	2016	23	3.19
USGS	08074598	00065	134459		5	20	1994	2016	23	3.42
USGS	08074598	00065	134459		5	21	1994	2016	23	3.23
USGS	08074598	00065	134459		5	22	1994	2016	23	3.48
USGS	08074598	00065	134459		5	23	1994	2016	23	3.41
USGS	08074598	00065	134459		5	24	1994	2016	23	3.57
USGS	08074598	00065	134459		5	25	1995	2016	22	3.51
USGS	08074598	00065	134459		5	26	1994	2016	23	4.27
USGS	08074598	00065	134459		5	27	1994	2016	23	3.92
USGS	08074598	00065	134459		5	28	1994	2016	22	3.71
USGS	08074598	00065	134459		5	29	1994	2016	23	3.36
USGS	08074598	00065	134459		5	30	1994	2016	22	3.58
USGS	08074598	00065	134459		5	31	1994	2016	22	3.50
USGS	08074598	00065	134459		6	1	1994	2016	22	3.21
USGS	08074598	00065	134459		6	2	1994	2016	23	3.34
USGS	08074598	00065	134459		6	3	1995	2015	20	3.15
USGS	08074598	00065	134459		6	4	1995	2015	20	3.20
USGS	08074598	00065	134459		6	5	1994	2016	23	3.35
USGS	08074598	00065	134459		6	6	1994	2016	23	3.36
USGS	08074598	00065	134459		6	7	1994	2016	23	3.16
USGS	08074598	00065	134459		6	8	1994	2016	23	3.41
USGS	08074598	00065	134459		6	9	1994	2016	23	4.54
USGS	08074598	00065	134459		6	10	1994	2016	23	3.46
USGS	08074598	00065	134459		6	11	1994	2016	23	3.34
USGS	08074598	00065	134459		6	12	1994	2016	23	3.37
USGS	08074598	00065	134459		6	13	1994	2016	21	3.26
USGS	08074598	00065	134459		6	14	1994	2016	22	3.20
USGS	08074598	00065	134459		6	15	1994	2016	23	3.21
USGS	08074598	00065	134459		6	16	1994	2016	23	3.31
USGS	08074598	00065	134459		6	17	1994	2016	23	3.43
USGS	08074598	00065	134459		6	18	1994	2016	23	3.28
USGS	08074598	00065	134459		6	19	1994	2016	21	3.17
USGS	08074598	00065	134459		6	20	1994	2016	22	3.25
USGS	08074598	00065	134459		6	21	1994	2016	23	3.21
USGS	08074598	00065	134459		6	22	1995	2016	22	3.20
USGS	08074598	00065	134459		6	23	1995	2016	22	3.41
USGS	08074598	00065	134459		6	24	1995	2016	22	3.34
USGS	08074598	00065	134459		6	25	1995	2016	22	3.38
USGS	08074598	00065	134459		6	26	1995	2016	22	3.24
USGS	08074598	00065	134459		6	27	1995	2016	21	3.10
USGS	08074598	00065	134459		6	28	1994	2016	22	3.14
USGS	08074598	00065	134459		6	29	1995	2016	22	3.10
USGS	08074598	00065	134459		6	30	1994	2016	22	3.25
USGS	08074598	00065	134459		7	1	1995	2016	21	3.17
USGS	08074598	00065	134459		7	2	1995	2016	22	3.47
USGS	08074598	00065	134459		7	3	1995	2016	21	3.25
USGS	08074598	00065	134459		7	4	1995	2016	22	3.10
USGS	08074598	00065	134459		7	5	1995	2016	22	3.21
USGS	08074598	00065	134459		7	6	1994	2016	23	3.31
USGS	08074598	00065	134459		7	7	1994	2016	22	3.29
USGS	08074598	00065	134459		7	8	1994	2016	23	3.15
USGS	08074598	00065	134459		7	9	1994	2016	22	3.07
USGS	08074598	00065	134459		7	10	1994	2016	23	2.93
USGS	08074598	00065	134459		7	11	1994	2016	23	2.98
USGS	08074598	00065	134459		7	12	1994	2016	22	3.09
USGS	08074598	00065	134459		7	13	1994	2016	22	2.97
USGS	08074598	00065	134459		7	14	1994	2016	22	3.01
USGS	08074598	00065	134459		7	15	1994	2016	23	3.18
USGS	08074598	00065	134459		7	16	1994	2016	23	2.99
USGS	08074598	00065	134459		7	17	1994	2016	23	2.95
USGS	08074598	00065	134459		7	18	1994	2016	23	2.87
USGS	08074598	00065	134459		7	19	1994	2016	23	2.92
USGS	08074598	00065	134459		7	20	1994	2016	23	3.01
USGS	08074598	00065	134459		7	21	1995	2016	22	2.79
USGS	08074598	00065	134459		7	22	1994	2016	23	2.85
USGS	08074598	00065	134459		7	23	1995	2016	22	2.82
USGS	08074598	00065	134459		7	24	1994	2016	23	2.85
USGS	08074598	00065	134459		7	25	1995	2016	22	2.82
USGS	08074598	00065	134459		7	26	1994	2016	23	3.03
USGS	08074598	00065	134459		7	27	1994	2016	23	2.89
USGS	08074598	00065	134459		7	28	1994	2016	23	2.77
USGS	08074598	00065	134459		7	29	1994	2016	23	2.82
USGS	08074598	00065	134459		7	30	1994	2016	22	2.84
USGS	08074598	00065	134459		7	31	1994	2016	22	2.87
USGS	08074598	00065	134459		8	1	1994	2016	22	2.96
USGS	08074598	00065	134459		8	2	1994	2016	22	2.81
USGS	08074598	00065	134459		8	3	1994	2016	22	2.87
USGS	08074598	00065	134459		8	4	1994	2016	23	2.95
USGS	08074598	00065	134459		8	5	1994	2016	23	3.00
USGS	08074598	00065	134459		8	6	1994	2016	23	2.86
USGS	08074598	00065	134459		8	7	1994	2016	23	2.85
USGS	08074598	00065	134459		8	8	1994	2016	23	2.91
USGS	08074598	00065	134459		8	9	1994	2016	22	2.90
USGS	08074598	00065	134459		8	10	1995	2016	22	2.90
USGS	08074598	00065	134459		8	11	1995	2016	22	2.89
USGS	08074598	00065	134459		8	12	1995	2016	22	2.76
USGS	08074598	00065	134459		8	13	1994	2016	23	2.75
USGS	08074598	00065	134459		8	14	1994	2016	23	2.83
USGS	08074598	00065	134459		8	15	1994	2016	23	3.13
USGS	08074598	00065	134459		8	16	1995	2016	22	3.40
USGS	08074598	00065	134459		8	17	1995	2016	22	3.06
USGS	08074598	00065	134459		8	18	1995	2016	22	3.00
USGS	08074598	00065	134459		8	19	1995	2016	22	3.12
USGS	08074598	00065	134459		8	20	1994	2016	23	3.21
USGS	08074598	00065	134459		8	21	1994	2016	23	3.19
USGS	08074598	00065	134459		8	22	1994	2016	23	3.30
USGS	08074598	00065	134459		8	23	1994	2016	23	3.31
USGS	08074598	00065	134459		8	24	1994	2016	23	3.14
USGS	08074598	00065	134459		8	25	1995	2016	22	3.05
USGS	08074598	00065	134459		8	26	1994	2016	23	3.06
USGS	08074598	00065	134459		8	27	1994	2016	23	3.09
USGS	08074598	00065	134459		8	28	1994	2016	22	2.98
USGS	08074598	00065	134459		8	29	1994	2016	22	2.95
USGS	08074598	00065	134459		8	30	1994	2016	22	3.08
USGS	08074598	00065	134459		8	31	1995	2016	22	3.44
USGS	08074598	00065	134459		9	1	1995	2016	22	3.36
USGS	08074598	00065	134459		9	2	1994	2016	23	3.24
USGS	08074598	00065	134459		9	3	1994	2016	23	3.19
USGS	08074598	00065	134459		9	4	1994	2016	23	3.06
USGS	08074598	00065	134459		9	5	1994	2016	23	3.09
USGS	08074598	00065	134459		9	6	1994	2016	22	3.22
USGS	08074598	00065	134459		9	7	1994	2016	23	3.44
USGS	08074598	00065	134459		9	8	1994	2016	23	3.41
USGS	08074598	00065	134459		9	9	1994	2016	23	3.43
USGS	08074598	00065	134459		9	10	1995	2016	22	3.48
USGS	08074598	00065	134459		9	11	1994	2016	22	4.35
USGS	08074598	00065	134459		9	12	1994	2016	23	3.88
USGS	08074598	00065	134459		9	13	1994	2016	23	4.15
USGS	08074598	00065	134459		9	14	1994	2016	23	4.15
USGS	08074598	00065	134459		9	15	1995	2016	22	3.52
USGS	08074598	00065	134459		9	16	1994	2016	23	3.45
USGS	08074598	00065	134459		9	17	1994	2016	23	3.40
USGS	08074598	00065	134459		9	18	1994	2016	23	3.47
USGS	08074598	00065	134459		9	19	1994	2016	22	3.69
USGS	08074598	00065	134459		9	20	1994	2016	22	3.40
USGS	08074598	00065	134459		9	21	1994	2016	23	3.73
USGS	08074598	00065	134459		9	22	1994	2016	23	3.66
USGS	08074598	00065	134459		9	23	1994	2016	23	3.77
USGS	08074598	00065	134459		9	24	1994	2016	23	3.38
USGS	08074598	00065	134459		9	25	1994	2016	23	3.37
USGS	08074598	00065	134459		9	26	1994	2016	23	3.31
USGS	08074598	00065	134459		9	27	1994	2016	23	3.24
USGS	08074598	00065	134459		9	28	1994	2016	23	3.13
USGS	08074598	00065	134459		9	29	1994	2016	23	3.21
USGS	08074598	00065	134459		9	30	1994	2016	23	3.23
USGS	08074598	00065	134459		10	1	1995	2017	23	3.15
USGS	08074598	00065	134459		10	2	1995	2017	23	3.34
USGS	08074598	00065	134459		10	3	1995	2017	23	3.28
USGS	08074598	00065	134459		10	4	1995	2017	23	3.30
USGS	08074598	00065	134459		10	5	1996	2017	21	3.30
USGS	08074598	00065	134459		10	6	1996	2017	21	3.24
USGS	08074598	00065	134459		10	7	1995	2017	22	3.17
USGS	08074598	00065	134459		10	8	1995	2017	23	3.32
USGS	08074598	00065	134459		10	9	1995	2017	23	3.65
USGS	08074598	00065	134459		10	10	1995	2017	23	3.38
USGS	08074598	00065	134459		10	11	1995	2017	23	3.44
USGS	08074598	00065	134459		10	12	1995	2017	23	3.38
USGS	08074598	00065	134459		10	13	1994	2017	24	3.56
USGS	08074598	00065	134459		10	14	1994	2017	24	3.02
USGS	08074598	00065	134459		10	15	1994	2017	23	3.39
USGS	08074598	00065	134459		10	16	1994	2017	24	3.99
USGS	08074598	00065	134459		10	17	1994	2017	24	3.75
USGS	08074598	00065	134459		10	18	1994	2017	24	4.05
USGS	08074598	00065	134459		10	19	1994	2017	24	3.67
USGS	08074598	00065	134459		10	20	1994	2017	24	3.53
USGS	08074598	00065	134459		10	21	1994	2017	24	3.40
USGS	08074598	00065	134459		10	22	1994	2017	24	3.41
USGS	08074598	00065	134459		10	23	1994	2017	24	3.30
USGS	08074598	00065	134459		10	24	1994	2017	23	3.22
USGS	08074598	00065	134459		10	25	1994	2017	23	3.85
USGS	08074598	00065	134459		10	26	1995	2017	23	3.28
USGS	08074598	00065	134459		10	27	1996	2017	22	2.90
USGS	08074598	00065	134459		10	28	1995	2017	23	3.04
USGS	08074598	00065	134459		10	29	1995	2017	23	3.75
USGS	08074598	00065	134459		10	30	1995	2017	23	3.56
USGS	08074598	00065	134459		10	31	1995	2017	23	3.96
USGS	08074598	00065	134459		11	1	1995	2017	23	3.32
USGS	08074598	00065	134459		11	2	1994	2017	24	3.25
USGS	08074598	00065	134459		11	3	1994	2017	24	3.07
USGS	08074598	00065	134459		11	4	1994	2017	24	3.21
USGS	08074598	00065	134459		11	5	1994	2017	24	3.22
USGS	08074598	00065	134459		11	6	1994	2016	23	3.09
USGS	08074598	00065	134459		11	7	1994	2016	23	2.87
USGS	08074598	00065	134459		11	8	1994	2017	24	2.93
USGS	08074598	00065	134459		11	9	1994	2017	24	2.97
USGS	08074598	00065	134459		11	10	1994	2017	24	3.04
USGS	08074598	00065	134459		11	11	1994	2017	24	2.97
USGS	08074598	00065	134459		11	12	1994	2017	24	3.31
USGS	08074598	00065	134459		11	13	1994	2017	24	3.39
USGS	08074598	00065	134459		11	14	1994	2017	24	3.34
USGS	08074598	00065	134459		11	15	1994	2017	24	3.08
USGS	08074598	00065	134459		11	16	1994	2017	23	3.07
USGS	08074598	00065	134459		11	17	1994	2017	23	3.20
USGS	08074598	00065	134459		11	18	1994	2017	24	3.79
USGS	08074598	00065	134459		11	19	1995	2017	23	3.03
USGS	08074598	00065	134459		11	20	1995	2016	22	3.12
USGS	08074598	00065	134459		11	21	1995	2016	22	3.06
USGS	08074598	00065	134459		11	22	1995	2016	22	3.28
USGS	08074598	00065	134459		11	23	1994	2016	23	3.25
USGS	08074598	00065	134459		11	24	1994	2016	22	3.09
USGS	08074598	00065	134459		11	25	1994	2016	23	2.87
USGS	08074598	00065	134459		11	26	1994	2016	23	2.84
USGS	08074598	00065	134459		11	27	1994	2016	23	2.71
USGS	08074598	00065	134459		11	28	1994	2016	23	2.80
USGS	08074598	00065	134459		11	29	1994	2016	23	2.85
USGS	08074598	00065	134459		11	30	1994	2016	22	2.63
USGS	08074598	00065	134459		12	1	1994	2016	22	2.56
USGS	08074598	00065	134459		12	2	1994	2016	23	2.87
USGS	08074598	00065	134459		12	3	1995	2016	21	2.94
USGS	08074598	00065	134459		12	4	1994	2016	23	2.71
USGS	08074598	00065	134459		12	5	1994	2016	23	2.55
USGS	08074598	00065	134459		12	6	1994	2016	23	2.59
USGS	08074598	00065	134459		12	7	1994	2016	23	2.70
USGS	08074598	00065	134459		12	8	1994	2016	23	2.84
USGS	08074598	00065	134459		12	9	1994	2016	23	2.65
USGS	08074598	00065	134459		12	10	1995	2016	22	2.24
USGS	08074598	00065	134459		12	11	1994	2016	23	2.71
USGS	08074598	00065	134459		12	12	1994	2016	23	3.16
USGS	08074598	00065	134459		12	13	1994	2016	23	2.85
USGS	08074598	00065	134459		12	14	1994	2016	23	2.84
USGS	08074598	00065	134459		12	15	1994	2016	22	3.01
USGS	08074598	00065	134459		12	16	1994	2016	23	2.84
USGS	08074598	00065	134459		12	17	1994	2016	23	2.71
USGS	08074598	00065	134459		12	18	1994	2016	23	2.83
USGS	08074598	00065	134459		12	19	1994	2016	23	2.85
USGS	08074598	00065	134459		12	20	1994	2016	23	2.66
USGS	08074598	00065	134459		12	21	1994	2016	23	2.75
USGS	08074598	00065	134459		12	22	1994	2016	23	2.71
USGS	08074598	00065	134459		12	23	1994	2016	23	2.56
USGS	08074598	00065	134459		12	24	1994	2016	23	2.42
USGS	08074598	00065	134459		12	25	1994	2016	23	2.18
USGS	08074598	00065	134459		12	26	1994	2016	23	2.34
USGS	08074598	00065	134459		12	27	1994	2016	22	2.45
USGS	08074598	00065	134459		12	28	1994	2016	22	2.41
USGS	08074598	00065	134459		12	29	1994	2016	22	2.35
USGS	08074598	00065	134459		12	30	1994	2016	23	2.55
USGS	08074598	00065	134459		12	31	1994	2016	23	2.58
