#
#
# US Geological Survey, Water Resources Data
# retrieved: 2019-02-26 15:07:59 -05:00	(natwebsdas01)
#
# This file contains USGS Daily Statistics
#
# Note:The statistics generated are based on approved daily-mean data and may not match those published by the USGS in official publications.
# The user is responsible for assessment and use of statistics from this site.
# For more details on why the statistics may not match, visit http://help.waterdata.usgs.gov/faq/about-statistics.
#
# Data heading explanations.
# agency_cd       -- agency code
# site_no         -- Site identification number
# parameter_cd    -- Parameter code
# station_nm      -- Site name
# loc_web_ds      -- Additional measurement description
#
# Data for the following 1 site(s) are contained in this file
# agency_cd   site_no      parameter_cd   station_nm (loc_web_ds)
# USGS        08072800     00065          Langham Ck nr Addicks, TX
#
# Explanation of Parameter Codes
# parameter_cd	Parameter Name
# 00065         Gage height, feet
#
# Data heading explanations.
# month_nu    ... The month for which the statistics apply.
# day_nu      ... The day for which the statistics apply.
# begin_yr    ... First water year of data of daily mean values for this day.
# end_yr      ... Last water year of data of daily mean values for this day.
# count_nu    ... Number of values used in the calculation.
# mean_va     ... Mean of daily mean values for this day.
#
agency_cd	site_no	parameter_cd	ts_id	loc_web_ds	month_nu	day_nu	begin_yr	end_yr	count_nu	mean_va
5s	15s	5s	10n	15s	3n	3n	6n	6n	8n	12s
USGS	08072800	00065	134348		1	1	1988	2018	25	91.73
USGS	08072800	00065	134348		1	2	1988	2018	25	91.68
USGS	08072800	00065	134348		1	3	1988	2018	26	91.63
USGS	08072800	00065	134348		1	4	1988	2018	26	91.60
USGS	08072800	00065	134348		1	5	1988	2018	26	91.77
USGS	08072800	00065	134348		1	6	1988	2018	26	91.93
USGS	08072800	00065	134348		1	7	1988	2018	26	92.12
USGS	08072800	00065	134348		1	8	1994	2018	24	91.83
USGS	08072800	00065	134348		1	9	1988	2018	25	92.17
USGS	08072800	00065	134348		1	10	1988	2018	26	92.12
USGS	08072800	00065	134348		1	11	1988	2018	26	92.04
USGS	08072800	00065	134348		1	12	1988	2018	25	91.81
USGS	08072800	00065	134348		1	13	1988	2018	25	91.89
USGS	08072800	00065	134348		1	14	1988	2018	25	91.72
USGS	08072800	00065	134348		1	15	1988	2018	26	91.67
USGS	08072800	00065	134348		1	16	1988	2018	26	91.99
USGS	08072800	00065	134348		1	17	1988	2018	26	92.42
USGS	08072800	00065	134348		1	18	1988	2018	26	92.16
USGS	08072800	00065	134348		1	19	1988	2018	26	92.11
USGS	08072800	00065	134348		1	20	1988	2018	26	91.82
USGS	08072800	00065	134348		1	21	1988	2018	26	91.83
USGS	08072800	00065	134348		1	22	1988	2018	26	91.91
USGS	08072800	00065	134348		1	23	1988	2018	25	92.13
USGS	08072800	00065	134348		1	24	1988	2018	26	92.07
USGS	08072800	00065	134348		1	25	1988	2018	25	92.15
USGS	08072800	00065	134348		1	26	1988	2018	26	92.07
USGS	08072800	00065	134348		1	27	1988	2018	26	92.20
USGS	08072800	00065	134348		1	28	1988	2018	26	92.39
USGS	08072800	00065	134348		1	29	1988	2018	26	92.27
USGS	08072800	00065	134348		1	30	1988	2018	26	92.01
USGS	08072800	00065	134348		1	31	1988	2018	26	91.77
USGS	08072800	00065	134348		2	1	1994	2018	25	91.87
USGS	08072800	00065	134348		2	2	1988	2018	26	91.75
USGS	08072800	00065	134348		2	3	1988	2018	26	91.55
USGS	08072800	00065	134348		2	4	1988	2018	26	91.65
USGS	08072800	00065	134348		2	5	1988	2018	24	91.50
USGS	08072800	00065	134348		2	6	1988	2018	25	91.55
USGS	08072800	00065	134348		2	7	1988	2018	25	91.61
USGS	08072800	00065	134348		2	8	1988	2018	25	91.52
USGS	08072800	00065	134348		2	9	1988	2018	26	91.51
USGS	08072800	00065	134348		2	10	1988	2018	26	92.06
USGS	08072800	00065	134348		2	11	1988	2018	26	92.46
USGS	08072800	00065	134348		2	12	1988	2018	26	92.29
USGS	08072800	00065	134348		2	13	1988	2018	26	92.10
USGS	08072800	00065	134348		2	14	1988	2018	26	92.04
USGS	08072800	00065	134348		2	15	1988	2018	26	91.81
USGS	08072800	00065	134348		2	16	1988	2018	26	91.62
USGS	08072800	00065	134348		2	17	1988	2018	26	91.64
USGS	08072800	00065	134348		2	18	1988	2018	26	91.64
USGS	08072800	00065	134348		2	19	1988	2018	26	91.54
USGS	08072800	00065	134348		2	20	1988	2018	26	91.59
USGS	08072800	00065	134348		2	21	1988	2018	26	92.28
USGS	08072800	00065	134348		2	22	1988	2018	25	92.57
USGS	08072800	00065	134348		2	23	1988	2018	24	92.45
USGS	08072800	00065	134348		2	24	1988	2018	26	92.22
USGS	08072800	00065	134348		2	25	1988	2018	26	92.28
USGS	08072800	00065	134348		2	26	1994	2018	25	92.42
USGS	08072800	00065	134348		2	27	1994	2017	24	92.13
USGS	08072800	00065	134348		2	28	1994	2017	24	91.98
USGS	08072800	00065	134348		2	29	1996	2016	6	91.50
USGS	08072800	00065	134348		3	1	1994	2017	24	91.99
USGS	08072800	00065	134348		3	2	1988	2017	25	91.99
USGS	08072800	00065	134348		3	3	1988	2017	25	92.02
USGS	08072800	00065	134348		3	4	1988	2017	25	91.96
USGS	08072800	00065	134348		3	5	1988	2017	25	91.82
USGS	08072800	00065	134348		3	6	1988	2017	25	91.62
USGS	08072800	00065	134348		3	7	1988	2017	25	91.67
USGS	08072800	00065	134348		3	8	1994	2017	24	91.69
USGS	08072800	00065	134348		3	9	1994	2017	24	92.36
USGS	08072800	00065	134348		3	10	1994	2017	24	92.57
USGS	08072800	00065	134348		3	11	1988	2017	25	92.31
USGS	08072800	00065	134348		3	12	1988	2017	25	92.44
USGS	08072800	00065	134348		3	13	1994	2017	24	92.72
USGS	08072800	00065	134348		3	14	1988	2017	25	92.88
USGS	08072800	00065	134348		3	15	1988	2017	25	92.89
USGS	08072800	00065	134348		3	16	1988	2017	25	92.44
USGS	08072800	00065	134348		3	17	1988	2017	25	92.13
USGS	08072800	00065	134348		3	18	1988	2017	25	91.98
USGS	08072800	00065	134348		3	19	1988	2017	25	92.02
USGS	08072800	00065	134348		3	20	1988	2017	25	92.11
USGS	08072800	00065	134348		3	21	1988	2017	25	91.98
USGS	08072800	00065	134348		3	22	1988	2017	25	91.70
USGS	08072800	00065	134348		3	23	1988	2017	25	91.36
USGS	08072800	00065	134348		3	24	1988	2017	25	91.29
USGS	08072800	00065	134348		3	25	1988	2017	25	91.57
USGS	08072800	00065	134348		3	26	1988	2017	25	91.64
USGS	08072800	00065	134348		3	27	1988	2017	25	91.69
USGS	08072800	00065	134348		3	28	1988	2017	25	91.80
USGS	08072800	00065	134348		3	29	1988	2017	24	91.84
USGS	08072800	00065	134348		3	30	1988	2017	24	92.06
USGS	08072800	00065	134348		3	31	1988	2017	24	92.01
USGS	08072800	00065	134348		4	1	1988	2017	24	91.63
USGS	08072800	00065	134348		4	2	1988	2017	25	91.66
USGS	08072800	00065	134348		4	3	1988	2017	25	91.74
USGS	08072800	00065	134348		4	4	1988	2017	25	91.82
USGS	08072800	00065	134348		4	5	1988	2017	25	91.78
USGS	08072800	00065	134348		4	6	1988	2017	24	91.69
USGS	08072800	00065	134348		4	7	1994	2017	23	91.54
USGS	08072800	00065	134348		4	8	1994	2017	23	91.77
USGS	08072800	00065	134348		4	9	1988	2017	24	91.59
USGS	08072800	00065	134348		4	10	1988	2017	25	91.39
USGS	08072800	00065	134348		4	11	1994	2017	24	91.93
USGS	08072800	00065	134348		4	12	1994	2017	23	92.39
USGS	08072800	00065	134348		4	13	1994	2017	23	92.21
USGS	08072800	00065	134348		4	14	1988	2017	25	91.61
USGS	08072800	00065	134348		4	15	1988	2017	25	91.34
USGS	08072800	00065	134348		4	16	1994	2017	24	91.26
USGS	08072800	00065	134348		4	17	1994	2017	24	91.60
USGS	08072800	00065	134348		4	18	1988	2017	25	92.37
USGS	08072800	00065	134348		4	19	1988	2017	25	92.44
USGS	08072800	00065	134348		4	20	1988	2017	25	92.26
USGS	08072800	00065	134348		4	21	1994	2017	23	91.87
USGS	08072800	00065	134348		4	22	1994	2017	23	91.57
USGS	08072800	00065	134348		4	23	1994	2017	23	91.40
USGS	08072800	00065	134348		4	24	1994	2017	24	91.79
USGS	08072800	00065	134348		4	25	1994	2017	24	92.15
USGS	08072800	00065	134348		4	26	1994	2017	24	92.49
USGS	08072800	00065	134348		4	27	1994	2017	24	92.34
USGS	08072800	00065	134348		4	28	1988	2017	25	92.43
USGS	08072800	00065	134348		4	29	1988	2017	25	92.44
USGS	08072800	00065	134348		4	30	1988	2017	25	92.59
USGS	08072800	00065	134348		5	1	1988	2017	25	92.57
USGS	08072800	00065	134348		5	2	1988	2017	25	92.61
USGS	08072800	00065	134348		5	3	1988	2017	25	92.49
USGS	08072800	00065	134348		5	4	1988	2017	25	92.36
USGS	08072800	00065	134348		5	5	1988	2017	25	92.38
USGS	08072800	00065	134348		5	6	1988	2017	25	92.35
USGS	08072800	00065	134348		5	7	1988	2017	25	92.27
USGS	08072800	00065	134348		5	8	1988	2017	25	92.31
USGS	08072800	00065	134348		5	9	1988	2017	25	92.30
USGS	08072800	00065	134348		5	10	1988	2017	25	92.29
USGS	08072800	00065	134348		5	11	1988	2017	25	92.44
USGS	08072800	00065	134348		5	12	1988	2017	25	92.55
USGS	08072800	00065	134348		5	13	1988	2017	25	92.80
USGS	08072800	00065	134348		5	14	1988	2017	25	92.76
USGS	08072800	00065	134348		5	15	1988	2017	25	92.63
USGS	08072800	00065	134348		5	16	1988	2017	25	92.49
USGS	08072800	00065	134348		5	17	1988	2017	25	92.21
USGS	08072800	00065	134348		5	18	1988	2017	25	92.23
USGS	08072800	00065	134348		5	19	1988	2017	25	92.00
USGS	08072800	00065	134348		5	20	1994	2017	24	92.01
USGS	08072800	00065	134348		5	21	1994	2017	24	91.91
USGS	08072800	00065	134348		5	22	1994	2017	24	92.20
USGS	08072800	00065	134348		5	23	1988	2017	25	92.15
USGS	08072800	00065	134348		5	24	1988	2017	25	91.88
USGS	08072800	00065	134348		5	25	1988	2017	25	91.78
USGS	08072800	00065	134348		5	26	1988	2017	25	92.00
USGS	08072800	00065	134348		5	27	1988	2017	25	92.33
USGS	08072800	00065	134348		5	28	1988	2017	25	92.49
USGS	08072800	00065	134348		5	29	1988	2017	25	92.60
USGS	08072800	00065	134348		5	30	1988	2017	25	92.87
USGS	08072800	00065	134348		5	31	1988	2017	24	93.12
USGS	08072800	00065	134348		6	1	1988	2017	25	92.84
USGS	08072800	00065	134348		6	2	1988	2017	25	92.72
USGS	08072800	00065	134348		6	3	1988	2017	25	93.15
USGS	08072800	00065	134348		6	4	1988	2017	25	92.94
USGS	08072800	00065	134348		6	5	1988	2017	25	92.70
USGS	08072800	00065	134348		6	6	1988	2017	25	92.54
USGS	08072800	00065	134348		6	7	1988	2017	25	92.27
USGS	08072800	00065	134348		6	8	1988	2017	25	92.29
USGS	08072800	00065	134348		6	9	1988	2017	25	92.67
USGS	08072800	00065	134348		6	10	1988	2017	25	92.62
USGS	08072800	00065	134348		6	11	1988	2017	25	92.51
USGS	08072800	00065	134348		6	12	1988	2017	24	92.33
USGS	08072800	00065	134348		6	13	1988	2017	24	92.09
USGS	08072800	00065	134348		6	14	1988	2017	25	92.09
USGS	08072800	00065	134348		6	15	1994	2017	24	92.41
USGS	08072800	00065	134348		6	16	1994	2017	24	92.47
USGS	08072800	00065	134348		6	17	1988	2017	25	92.56
USGS	08072800	00065	134348		6	18	1988	2017	25	92.43
USGS	08072800	00065	134348		6	19	1988	2017	25	92.32
USGS	08072800	00065	134348		6	20	1988	2017	25	92.46
USGS	08072800	00065	134348		6	21	1988	2017	25	92.28
USGS	08072800	00065	134348		6	22	1988	2017	25	92.28
USGS	08072800	00065	134348		6	23	1988	2017	25	92.57
USGS	08072800	00065	134348		6	24	1988	2017	25	92.87
USGS	08072800	00065	134348		6	25	1988	2017	25	92.59
USGS	08072800	00065	134348		6	26	1988	2017	25	92.47
USGS	08072800	00065	134348		6	27	1988	2017	25	92.34
USGS	08072800	00065	134348		6	28	1988	2017	24	92.21
USGS	08072800	00065	134348		6	29	1988	2017	24	91.98
USGS	08072800	00065	134348		6	30	1988	2017	24	92.06
USGS	08072800	00065	134348		7	1	1988	2017	24	91.95
USGS	08072800	00065	134348		7	2	1988	2017	24	92.26
USGS	08072800	00065	134348		7	3	1988	2017	25	92.19
USGS	08072800	00065	134348		7	4	1988	2017	24	91.92
USGS	08072800	00065	134348		7	5	1988	2017	25	92.19
USGS	08072800	00065	134348		7	6	1988	2017	25	92.23
USGS	08072800	00065	134348		7	7	1988	2017	25	92.09
USGS	08072800	00065	134348		7	8	1988	2017	25	91.97
USGS	08072800	00065	134348		7	9	1988	2017	25	91.98
USGS	08072800	00065	134348		7	10	1988	2017	25	92.16
USGS	08072800	00065	134348		7	11	1988	2017	23	92.15
USGS	08072800	00065	134348		7	12	1988	2017	24	91.75
USGS	08072800	00065	134348		7	13	1988	2017	25	91.59
USGS	08072800	00065	134348		7	14	1994	2017	23	91.78
USGS	08072800	00065	134348		7	15	1988	2017	25	92.13
USGS	08072800	00065	134348		7	16	1988	2017	25	92.22
USGS	08072800	00065	134348		7	17	1988	2017	24	91.99
USGS	08072800	00065	134348		7	18	1988	2017	24	92.07
USGS	08072800	00065	134348		7	19	1988	2017	25	92.16
USGS	08072800	00065	134348		7	20	1988	2017	25	92.10
USGS	08072800	00065	134348		7	21	1988	2017	25	92.02
USGS	08072800	00065	134348		7	22	1988	2017	25	91.72
USGS	08072800	00065	134348		7	23	1988	2017	25	92.02
USGS	08072800	00065	134348		7	24	1988	2017	25	92.09
USGS	08072800	00065	134348		7	25	1988	2017	25	92.06
USGS	08072800	00065	134348		7	26	1988	2017	25	92.39
USGS	08072800	00065	134348		7	27	1988	2017	24	92.23
USGS	08072800	00065	134348		7	28	1988	2017	24	91.80
USGS	08072800	00065	134348		7	29	1988	2017	25	91.65
USGS	08072800	00065	134348		7	30	1988	2017	24	91.82
USGS	08072800	00065	134348		7	31	1988	2017	25	91.64
USGS	08072800	00065	134348		8	1	1988	2017	25	91.78
USGS	08072800	00065	134348		8	2	1988	2017	25	91.73
USGS	08072800	00065	134348		8	3	1988	2017	25	91.67
USGS	08072800	00065	134348		8	4	1988	2017	25	91.47
USGS	08072800	00065	134348		8	5	1994	2017	24	91.48
USGS	08072800	00065	134348		8	6	1988	2017	25	91.64
USGS	08072800	00065	134348		8	7	1988	2017	25	91.76
USGS	08072800	00065	134348		8	8	1994	2017	23	91.74
USGS	08072800	00065	134348		8	9	1994	2017	23	91.96
USGS	08072800	00065	134348		8	10	1988	2017	23	92.12
USGS	08072800	00065	134348		8	11	1988	2017	25	91.67
USGS	08072800	00065	134348		8	12	1988	2017	25	91.59
USGS	08072800	00065	134348		8	13	1988	2017	25	91.43
USGS	08072800	00065	134348		8	14	1988	2017	24	91.53
USGS	08072800	00065	134348		8	15	1988	2017	24	91.49
USGS	08072800	00065	134348		8	16	1988	2017	25	91.83
USGS	08072800	00065	134348		8	17	1994	2017	24	92.05
USGS	08072800	00065	134348		8	18	1988	2017	24	92.07
USGS	08072800	00065	134348		8	19	1988	2017	25	92.25
USGS	08072800	00065	134348		8	20	1988	2017	25	92.05
USGS	08072800	00065	134348		8	21	1988	2017	24	91.95
USGS	08072800	00065	134348		8	22	1988	2017	24	92.17
USGS	08072800	00065	134348		8	23	1988	2017	24	92.51
USGS	08072800	00065	134348		8	24	1988	2017	23	92.16
USGS	08072800	00065	134348		8	25	1988	2017	25	91.64
USGS	08072800	00065	134348		8	26	1988	2017	25	91.73
USGS	08072800	00065	134348		8	27	1988	2017	24	92.07
USGS	08072800	00065	134348		8	28	1988	2016	24	91.85
USGS	08072800	00065	134348		8	29	1988	2016	24	91.96
USGS	08072800	00065	134348		8	30	1994	2016	23	91.98
USGS	08072800	00065	134348		8	31	1994	2016	23	91.99
USGS	08072800	00065	134348		9	1	1988	2016	24	91.85
USGS	08072800	00065	134348		9	2	1988	2016	24	91.84
USGS	08072800	00065	134348		9	3	1994	2016	23	91.83
USGS	08072800	00065	134348		9	4	1994	2016	23	92.11
USGS	08072800	00065	134348		9	5	1994	2016	23	91.88
USGS	08072800	00065	134348		9	6	1994	2016	23	91.60
USGS	08072800	00065	134348		9	7	1988	2016	24	91.75
USGS	08072800	00065	134348		9	8	1988	2016	24	91.83
USGS	08072800	00065	134348		9	9	1988	2016	24	91.88
USGS	08072800	00065	134348		9	10	1988	2016	23	92.15
USGS	08072800	00065	134348		9	11	1988	2016	23	92.26
USGS	08072800	00065	134348		9	12	1988	2016	24	92.10
USGS	08072800	00065	134348		9	13	1988	2016	24	92.31
USGS	08072800	00065	134348		9	14	1994	2017	23	92.94
USGS	08072800	00065	134348		9	15	1994	2017	23	92.89
USGS	08072800	00065	134348		9	16	1994	2017	21	92.42
USGS	08072800	00065	134348		9	17	1988	2017	24	92.22
USGS	08072800	00065	134348		9	18	1988	2017	25	92.39
USGS	08072800	00065	134348		9	19	1988	2017	23	92.57
USGS	08072800	00065	134348		9	20	1988	2017	22	92.35
USGS	08072800	00065	134348		9	21	1997	2017	20	92.46
USGS	08072800	00065	134348		9	22	1988	2017	22	92.79
USGS	08072800	00065	134348		9	23	1988	2017	23	92.65
USGS	08072800	00065	134348		9	24	1988	2017	24	92.69
USGS	08072800	00065	134348		9	25	1988	2017	24	92.55
USGS	08072800	00065	134348		9	26	1988	2017	25	92.10
USGS	08072800	00065	134348		9	27	1988	2017	24	91.81
USGS	08072800	00065	134348		9	28	1988	2017	25	91.75
USGS	08072800	00065	134348		9	29	1988	2017	25	91.67
USGS	08072800	00065	134348		9	30	1988	2017	25	91.78
USGS	08072800	00065	134348		10	1	1994	2018	24	91.28
USGS	08072800	00065	134348		10	2	1994	2018	24	91.30
USGS	08072800	00065	134348		10	3	1994	2018	24	91.57
USGS	08072800	00065	134348		10	4	1994	2018	23	91.49
USGS	08072800	00065	134348		10	5	1994	2018	23	91.49
USGS	08072800	00065	134348		10	6	1994	2018	24	91.76
USGS	08072800	00065	134348		10	7	1994	2018	24	91.58
USGS	08072800	00065	134348		10	8	1994	2018	24	91.74
USGS	08072800	00065	134348		10	9	1994	2018	24	91.92
USGS	08072800	00065	134348		10	10	1994	2018	23	92.34
USGS	08072800	00065	134348		10	11	1994	2018	23	92.19
USGS	08072800	00065	134348		10	12	1994	2018	23	91.91
USGS	08072800	00065	134348		10	13	1994	2018	23	91.93
USGS	08072800	00065	134348		10	14	1994	2018	23	91.92
USGS	08072800	00065	134348		10	15	1994	2018	24	91.81
USGS	08072800	00065	134348		10	16	1994	2018	24	92.19
USGS	08072800	00065	134348		10	17	1994	2018	24	92.19
USGS	08072800	00065	134348		10	18	1994	2018	24	91.98
USGS	08072800	00065	134348		10	19	1988	2018	25	91.96
USGS	08072800	00065	134348		10	20	1988	2018	25	91.92
USGS	08072800	00065	134348		10	21	1988	2018	25	91.80
USGS	08072800	00065	134348		10	22	1988	2018	25	91.92
USGS	08072800	00065	134348		10	23	1988	2018	25	92.16
USGS	08072800	00065	134348		10	24	1988	2018	25	92.04
USGS	08072800	00065	134348		10	25	1994	2018	24	92.15
USGS	08072800	00065	134348		10	26	1988	2018	25	92.14
USGS	08072800	00065	134348		10	27	1988	2018	25	92.13
USGS	08072800	00065	134348		10	28	1988	2018	25	91.94
USGS	08072800	00065	134348		10	29	1988	2018	25	91.91
USGS	08072800	00065	134348		10	30	1988	2018	25	92.06
USGS	08072800	00065	134348		10	31	1988	2018	25	92.16
USGS	08072800	00065	134348		11	1	1988	2018	25	92.48
USGS	08072800	00065	134348		11	2	1988	2018	25	92.36
USGS	08072800	00065	134348		11	3	1988	2018	25	92.19
USGS	08072800	00065	134348		11	4	1994	2018	24	92.05
USGS	08072800	00065	134348		11	5	1988	2018	25	91.86
USGS	08072800	00065	134348		11	6	1988	2018	24	92.01
USGS	08072800	00065	134348		11	7	1988	2018	24	92.19
USGS	08072800	00065	134348		11	8	1988	2018	25	91.79
USGS	08072800	00065	134348		11	9	1988	2018	25	91.69
USGS	08072800	00065	134348		11	10	1988	2018	24	91.66
USGS	08072800	00065	134348		11	11	1988	2018	25	91.64
USGS	08072800	00065	134348		11	12	1994	2018	24	91.76
USGS	08072800	00065	134348		11	13	1988	2018	25	91.81
USGS	08072800	00065	134348		11	14	1988	2018	25	91.69
USGS	08072800	00065	134348		11	15	1988	2018	25	91.62
USGS	08072800	00065	134348		11	16	1988	2018	25	92.04
USGS	08072800	00065	134348		11	17	1988	2018	25	92.43
USGS	08072800	00065	134348		11	18	1988	2018	25	92.82
USGS	08072800	00065	134348		11	19	1988	2018	24	92.51
USGS	08072800	00065	134348		11	20	1994	2018	24	92.07
USGS	08072800	00065	134348		11	21	1994	2018	24	92.04
USGS	08072800	00065	134348		11	22	1994	2018	24	92.15
USGS	08072800	00065	134348		11	23	1994	2018	24	92.21
USGS	08072800	00065	134348		11	24	1994	2018	24	92.48
USGS	08072800	00065	134348		11	25	1988	2018	25	92.40
USGS	08072800	00065	134348		11	26	1988	2018	25	92.43
USGS	08072800	00065	134348		11	27	1988	2018	25	92.29
USGS	08072800	00065	134348		11	28	1988	2018	25	92.15
USGS	08072800	00065	134348		11	29	1988	2018	24	92.00
USGS	08072800	00065	134348		11	30	1988	2018	24	91.82
USGS	08072800	00065	134348		12	1	1995	2018	23	91.58
USGS	08072800	00065	134348		12	2	1995	2018	23	91.72
USGS	08072800	00065	134348		12	3	1988	2018	24	92.10
USGS	08072800	00065	134348		12	4	1995	2018	23	92.24
USGS	08072800	00065	134348		12	5	1995	2018	23	92.23
USGS	08072800	00065	134348		12	6	1988	2018	24	91.75
USGS	08072800	00065	134348		12	7	1988	2018	24	91.78
USGS	08072800	00065	134348		12	8	1988	2018	24	91.99
USGS	08072800	00065	134348		12	9	1988	2018	24	91.86
USGS	08072800	00065	134348		12	10	1988	2018	24	91.73
USGS	08072800	00065	134348		12	11	1988	2018	24	91.57
USGS	08072800	00065	134348		12	12	1988	2018	22	92.10
USGS	08072800	00065	134348		12	13	1988	2018	22	92.46
USGS	08072800	00065	134348		12	14	1988	2018	23	92.28
USGS	08072800	00065	134348		12	15	1988	2018	24	92.20
USGS	08072800	00065	134348		12	16	1988	2018	24	92.31
USGS	08072800	00065	134348		12	17	1988	2018	24	92.58
USGS	08072800	00065	134348		12	18	1988	2018	23	92.07
USGS	08072800	00065	134348		12	19	1988	2018	24	92.15
USGS	08072800	00065	134348		12	20	1988	2018	25	92.17
USGS	08072800	00065	134348		12	21	1988	2018	25	92.24
USGS	08072800	00065	134348		12	22	1988	2018	25	92.22
USGS	08072800	00065	134348		12	23	1988	2018	25	92.02
USGS	08072800	00065	134348		12	24	1988	2018	24	92.18
USGS	08072800	00065	134348		12	25	1988	2018	24	92.37
USGS	08072800	00065	134348		12	26	1988	2018	24	91.89
USGS	08072800	00065	134348		12	27	1988	2018	24	91.72
USGS	08072800	00065	134348		12	28	1988	2018	25	91.95
USGS	08072800	00065	134348		12	29	1988	2018	25	91.87
USGS	08072800	00065	134348		12	30	1988	2018	25	91.83
USGS	08072800	00065	134348		12	31	1988	2018	25	91.90
