#
#
# US Geological Survey, Water Resources Data
# retrieved: 2019-02-26 15:07:59 -05:00	(natwebvaas01)
#
# This file contains USGS Daily Statistics
#
# Note:The statistics generated are based on approved daily-mean data and may not match those published by the USGS in official publications.
# The user is responsible for assessment and use of statistics from this site.
# For more details on why the statistics may not match, visit http://help.waterdata.usgs.gov/faq/about-statistics.
#
# Data heading explanations.
# agency_cd       -- agency code
# site_no         -- Site identification number
# parameter_cd    -- Parameter code
# station_nm      -- Site name
# loc_web_ds      -- Additional measurement description
#
# Data for the following 1 site(s) are contained in this file
# agency_cd   site_no      parameter_cd   station_nm (loc_web_ds)
# USGS        08072300     00065          Buffalo Bayou nr Katy, TX
#
# Explanation of Parameter Codes
# parameter_cd	Parameter Name
# 00065         Gage height, feet
#
# Data heading explanations.
# month_nu    ... The month for which the statistics apply.
# day_nu      ... The day for which the statistics apply.
# begin_yr    ... First water year of data of daily mean values for this day.
# end_yr      ... Last water year of data of daily mean values for this day.
# count_nu    ... Number of values used in the calculation.
# mean_va     ... Mean of daily mean values for this day.
#
agency_cd	site_no	parameter_cd	ts_id	loc_web_ds	month_nu	day_nu	begin_yr	end_yr	count_nu	mean_va
5s	15s	5s	10n	15s	3n	3n	6n	6n	8n	12s
USGS	08072300	00065	134320		1	1	1999	2018	20	59.94
USGS	08072300	00065	134320		1	2	1999	2018	20	59.90
USGS	08072300	00065	134320		1	3	1999	2018	20	59.86
USGS	08072300	00065	134320		1	4	1999	2018	20	59.93
USGS	08072300	00065	134320		1	5	1999	2018	20	59.95
USGS	08072300	00065	134320		1	6	1999	2018	19	61.80
USGS	08072300	00065	134320		1	7	1999	2018	19	61.84
USGS	08072300	00065	134320		1	8	1999	2018	19	61.85
USGS	08072300	00065	134320		1	9	1999	2018	19	62.20
USGS	08072300	00065	134320		1	10	1999	2018	20	60.11
USGS	08072300	00065	134320		1	11	1999	2018	20	60.05
USGS	08072300	00065	134320		1	12	1999	2018	19	58.03
USGS	08072300	00065	134320		1	13	1999	2018	19	58.06
USGS	08072300	00065	134320		1	14	1999	2018	19	61.84
USGS	08072300	00065	134320		1	15	1999	2018	19	61.92
USGS	08072300	00065	134320		1	16	1999	2018	20	60.23
USGS	08072300	00065	134320		1	17	1999	2018	20	60.43
USGS	08072300	00065	134320		1	18	1999	2018	20	60.41
USGS	08072300	00065	134320		1	19	1999	2018	20	60.42
USGS	08072300	00065	134320		1	20	1999	2018	20	60.16
USGS	08072300	00065	134320		1	21	1999	2018	20	60.06
USGS	08072300	00065	134320		1	22	1999	2018	20	60.02
USGS	08072300	00065	134320		1	23	1999	2018	20	59.96
USGS	08072300	00065	134320		1	24	1999	2018	20	60.12
USGS	08072300	00065	134320		1	25	1999	2018	20	60.36
USGS	08072300	00065	134320		1	26	1999	2018	20	60.17
USGS	08072300	00065	134320		1	27	1999	2018	20	60.02
USGS	08072300	00065	134320		1	28	1999	2018	20	60.02
USGS	08072300	00065	134320		1	29	1999	2018	20	60.11
USGS	08072300	00065	134320		1	30	1999	2018	20	60.11
USGS	08072300	00065	134320		1	31	1999	2018	19	58.10
USGS	08072300	00065	134320		2	1	1999	2018	20	60.13
USGS	08072300	00065	134320		2	2	1999	2018	20	60.05
USGS	08072300	00065	134320		2	3	1999	2018	20	59.95
USGS	08072300	00065	134320		2	4	1999	2018	20	60.08
USGS	08072300	00065	134320		2	5	1999	2018	20	59.99
USGS	08072300	00065	134320		2	6	1999	2018	20	59.90
USGS	08072300	00065	134320		2	7	1999	2018	20	59.97
USGS	08072300	00065	134320		2	8	1999	2018	20	59.99
USGS	08072300	00065	134320		2	9	1999	2018	20	60.00
USGS	08072300	00065	134320		2	10	1999	2018	20	60.08
USGS	08072300	00065	134320		2	11	1999	2018	20	60.22
USGS	08072300	00065	134320		2	12	1999	2018	19	62.07
USGS	08072300	00065	134320		2	13	1999	2018	20	60.00
USGS	08072300	00065	134320		2	14	1999	2018	20	60.03
USGS	08072300	00065	134320		2	15	1999	2018	20	59.95
USGS	08072300	00065	134320		2	16	1999	2018	20	59.87
USGS	08072300	00065	134320		2	17	1999	2018	20	59.92
USGS	08072300	00065	134320		2	18	1999	2018	20	60.03
USGS	08072300	00065	134320		2	19	1999	2018	20	59.90
USGS	08072300	00065	134320		2	20	1999	2018	20	59.92
USGS	08072300	00065	134320		2	21	1999	2018	20	60.06
USGS	08072300	00065	134320		2	22	2000	2018	19	62.00
USGS	08072300	00065	134320		2	23	2000	2018	19	61.92
USGS	08072300	00065	134320		2	24	1999	2018	20	60.01
USGS	08072300	00065	134320		2	25	1999	2018	20	60.07
USGS	08072300	00065	134320		2	26	1999	2018	20	59.99
USGS	08072300	00065	134320		2	27	1999	2018	20	59.92
USGS	08072300	00065	134320		2	28	1999	2018	20	59.81
USGS	08072300	00065	134320		2	29	2000	2016	5	52.24
USGS	08072300	00065	134320		3	1	1999	2018	20	59.78
USGS	08072300	00065	134320		3	2	1999	2018	19	57.94
USGS	08072300	00065	134320		3	3	1999	2018	20	60.03
USGS	08072300	00065	134320		3	4	1999	2018	19	58.08
USGS	08072300	00065	134320		3	5	1999	2018	20	59.97
USGS	08072300	00065	134320		3	6	1999	2018	20	59.91
USGS	08072300	00065	134320		3	7	1999	2018	20	59.93
USGS	08072300	00065	134320		3	8	1999	2018	20	59.97
USGS	08072300	00065	134320		3	9	1999	2018	20	60.23
USGS	08072300	00065	134320		3	10	1999	2018	20	60.52
USGS	08072300	00065	134320		3	11	1999	2018	20	60.45
USGS	08072300	00065	134320		3	12	1999	2018	20	60.36
USGS	08072300	00065	134320		3	13	1999	2018	18	60.20
USGS	08072300	00065	134320		3	14	1999	2018	19	62.49
USGS	08072300	00065	134320		3	15	1999	2018	20	60.63
USGS	08072300	00065	134320		3	16	1999	2018	20	60.26
USGS	08072300	00065	134320		3	17	1999	2018	20	60.00
USGS	08072300	00065	134320		3	18	1999	2018	20	59.86
USGS	08072300	00065	134320		3	19	1999	2018	20	59.97
USGS	08072300	00065	134320		3	20	1999	2018	20	60.06
USGS	08072300	00065	134320		3	21	1999	2018	20	60.01
USGS	08072300	00065	134320		3	22	1999	2018	20	59.89
USGS	08072300	00065	134320		3	23	1999	2018	20	59.76
USGS	08072300	00065	134320		3	24	1999	2018	20	59.72
USGS	08072300	00065	134320		3	25	1999	2018	20	59.80
USGS	08072300	00065	134320		3	26	1999	2018	20	59.76
USGS	08072300	00065	134320		3	27	1999	2018	20	59.82
USGS	08072300	00065	134320		3	28	1999	2018	20	60.16
USGS	08072300	00065	134320		3	29	1999	2018	20	60.21
USGS	08072300	00065	134320		3	30	1999	2018	20	60.05
USGS	08072300	00065	134320		3	31	1999	2018	20	59.96
USGS	08072300	00065	134320		4	1	1999	2018	20	59.87
USGS	08072300	00065	134320		4	2	1999	2018	19	58.01
USGS	08072300	00065	134320		4	3	1999	2018	20	59.96
USGS	08072300	00065	134320		4	4	1999	2018	20	59.86
USGS	08072300	00065	134320		4	5	1999	2018	20	59.73
USGS	08072300	00065	134320		4	6	1999	2018	20	59.66
USGS	08072300	00065	134320		4	7	1999	2018	20	59.62
USGS	08072300	00065	134320		4	8	1999	2018	20	59.92
USGS	08072300	00065	134320		4	9	1999	2018	19	57.83
USGS	08072300	00065	134320		4	10	1999	2018	19	57.77
USGS	08072300	00065	134320		4	11	1999	2018	19	58.00
USGS	08072300	00065	134320		4	12	1999	2018	20	60.00
USGS	08072300	00065	134320		4	13	1999	2018	20	59.93
USGS	08072300	00065	134320		4	14	1999	2018	20	59.83
USGS	08072300	00065	134320		4	15	1999	2018	20	59.69
USGS	08072300	00065	134320		4	16	1999	2018	18	63.79
USGS	08072300	00065	134320		4	17	1999	2018	19	61.80
USGS	08072300	00065	134320		4	18	1999	2018	19	62.90
USGS	08072300	00065	134320		4	19	1999	2018	20	60.80
USGS	08072300	00065	134320		4	20	1999	2018	20	60.46
USGS	08072300	00065	134320		4	21	1999	2018	19	62.23
USGS	08072300	00065	134320		4	22	1999	2018	19	62.09
USGS	08072300	00065	134320		4	23	1999	2018	19	61.92
USGS	08072300	00065	134320		4	24	1999	2018	19	61.95
USGS	08072300	00065	134320		4	25	1999	2018	19	62.05
USGS	08072300	00065	134320		4	26	1999	2018	20	60.11
USGS	08072300	00065	134320		4	27	1999	2018	20	60.11
USGS	08072300	00065	134320		4	28	1999	2018	20	60.47
USGS	08072300	00065	134320		4	29	1999	2018	20	60.39
USGS	08072300	00065	134320		4	30	1999	2018	20	60.26
USGS	08072300	00065	134320		5	1	1999	2018	20	60.45
USGS	08072300	00065	134320		5	2	1999	2018	20	60.40
USGS	08072300	00065	134320		5	3	1999	2018	20	60.30
USGS	08072300	00065	134320		5	4	1999	2018	20	60.16
USGS	08072300	00065	134320		5	5	1999	2018	20	60.12
USGS	08072300	00065	134320		5	6	1999	2018	20	60.02
USGS	08072300	00065	134320		5	7	1999	2018	19	57.99
USGS	08072300	00065	134320		5	8	1999	2018	19	57.97
USGS	08072300	00065	134320		5	9	1999	2018	19	57.95
USGS	08072300	00065	134320		5	10	1999	2018	20	60.03
USGS	08072300	00065	134320		5	11	1999	2018	20	60.16
USGS	08072300	00065	134320		5	12	1999	2018	20	60.29
USGS	08072300	00065	134320		5	13	2000	2018	19	62.33
USGS	08072300	00065	134320		5	14	1999	2018	20	60.43
USGS	08072300	00065	134320		5	15	1999	2018	20	60.41
USGS	08072300	00065	134320		5	16	1999	2018	19	62.30
USGS	08072300	00065	134320		5	17	1999	2018	20	60.18
USGS	08072300	00065	134320		5	18	1999	2018	20	60.07
USGS	08072300	00065	134320		5	19	1999	2018	20	59.99
USGS	08072300	00065	134320		5	20	1999	2018	20	60.11
USGS	08072300	00065	134320		5	21	1999	2018	20	60.03
USGS	08072300	00065	134320		5	22	1999	2018	20	59.98
USGS	08072300	00065	134320		5	23	1999	2018	20	59.85
USGS	08072300	00065	134320		5	24	1999	2018	20	59.83
USGS	08072300	00065	134320		5	25	1999	2018	20	59.81
USGS	08072300	00065	134320		5	26	1999	2018	20	60.18
USGS	08072300	00065	134320		5	27	1999	2018	20	60.34
USGS	08072300	00065	134320		5	28	1999	2018	20	60.45
USGS	08072300	00065	134320		5	29	1999	2018	19	62.38
USGS	08072300	00065	134320		5	30	1999	2018	20	60.21
USGS	08072300	00065	134320		5	31	1999	2018	20	60.21
USGS	08072300	00065	134320		6	1	1999	2018	20	60.11
USGS	08072300	00065	134320		6	2	1999	2018	20	60.00
USGS	08072300	00065	134320		6	3	1999	2018	20	60.04
USGS	08072300	00065	134320		6	4	1999	2018	20	59.92
USGS	08072300	00065	134320		6	5	1999	2018	20	59.88
USGS	08072300	00065	134320		6	6	1999	2018	20	59.79
USGS	08072300	00065	134320		6	7	1999	2018	20	59.73
USGS	08072300	00065	134320		6	8	1999	2018	20	59.77
USGS	08072300	00065	134320		6	9	1999	2018	20	59.84
USGS	08072300	00065	134320		6	10	1999	2018	20	59.80
USGS	08072300	00065	134320		6	11	1999	2018	20	59.76
USGS	08072300	00065	134320		6	12	1999	2018	20	59.76
USGS	08072300	00065	134320		6	13	1999	2018	20	59.89
USGS	08072300	00065	134320		6	14	1999	2018	20	59.93
USGS	08072300	00065	134320		6	15	1999	2018	20	59.89
USGS	08072300	00065	134320		6	16	1999	2018	20	59.82
USGS	08072300	00065	134320		6	17	1999	2018	20	60.06
USGS	08072300	00065	134320		6	18	1999	2018	20	60.10
USGS	08072300	00065	134320		6	19	1999	2018	20	60.07
USGS	08072300	00065	134320		6	20	1999	2018	19	62.16
USGS	08072300	00065	134320		6	21	1999	2018	19	62.13
USGS	08072300	00065	134320		6	22	1999	2018	20	60.15
USGS	08072300	00065	134320		6	23	1999	2018	20	60.11
USGS	08072300	00065	134320		6	24	1999	2018	20	60.31
USGS	08072300	00065	134320		6	25	1999	2018	20	60.31
USGS	08072300	00065	134320		6	26	1999	2018	20	60.20
USGS	08072300	00065	134320		6	27	1999	2018	20	60.07
USGS	08072300	00065	134320		6	28	1999	2018	20	60.15
USGS	08072300	00065	134320		6	29	1999	2018	20	60.01
USGS	08072300	00065	134320		6	30	1999	2018	20	59.99
USGS	08072300	00065	134320		7	1	1999	2018	20	60.00
USGS	08072300	00065	134320		7	2	1999	2018	20	60.16
USGS	08072300	00065	134320		7	3	1999	2018	20	60.14
USGS	08072300	00065	134320		7	4	1999	2018	20	60.04
USGS	08072300	00065	134320		7	5	1999	2018	20	60.18
USGS	08072300	00065	134320		7	6	1999	2018	19	62.12
USGS	08072300	00065	134320		7	7	1999	2018	19	62.14
USGS	08072300	00065	134320		7	8	1999	2018	19	62.01
USGS	08072300	00065	134320		7	9	1999	2018	19	61.91
USGS	08072300	00065	134320		7	10	1999	2018	20	59.97
USGS	08072300	00065	134320		7	11	1999	2018	20	59.90
USGS	08072300	00065	134320		7	12	1999	2018	20	59.91
USGS	08072300	00065	134320		7	13	1999	2018	20	59.88
USGS	08072300	00065	134320		7	14	1999	2018	20	59.91
USGS	08072300	00065	134320		7	15	1999	2018	20	59.98
USGS	08072300	00065	134320		7	16	1999	2018	20	60.02
USGS	08072300	00065	134320		7	17	1999	2018	20	60.01
USGS	08072300	00065	134320		7	18	1999	2018	20	59.97
USGS	08072300	00065	134320		7	19	1999	2018	20	59.92
USGS	08072300	00065	134320		7	20	1999	2018	20	59.94
USGS	08072300	00065	134320		7	21	1999	2018	20	59.91
USGS	08072300	00065	134320		7	22	1999	2018	20	59.92
USGS	08072300	00065	134320		7	23	1999	2018	20	59.90
USGS	08072300	00065	134320		7	24	1999	2018	20	59.93
USGS	08072300	00065	134320		7	25	1999	2018	20	59.89
USGS	08072300	00065	134320		7	26	1999	2018	20	60.02
USGS	08072300	00065	134320		7	27	1999	2018	20	60.04
USGS	08072300	00065	134320		7	28	1999	2018	20	59.91
USGS	08072300	00065	134320		7	29	1999	2018	20	59.82
USGS	08072300	00065	134320		7	30	1999	2018	20	59.78
USGS	08072300	00065	134320		7	31	1999	2017	19	57.81
USGS	08072300	00065	134320		8	1	1999	2017	19	57.79
USGS	08072300	00065	134320		8	2	1999	2017	19	57.80
USGS	08072300	00065	134320		8	3	1999	2017	19	57.81
USGS	08072300	00065	134320		8	4	1999	2017	19	57.76
USGS	08072300	00065	134320		8	5	1999	2017	19	57.77
USGS	08072300	00065	134320		8	6	1999	2017	19	57.73
USGS	08072300	00065	134320		8	7	1999	2017	19	57.83
USGS	08072300	00065	134320		8	8	1999	2017	19	58.19
USGS	08072300	00065	134320		8	9	1999	2017	19	57.93
USGS	08072300	00065	134320		8	10	1999	2017	19	57.85
USGS	08072300	00065	134320		8	11	1999	2017	19	57.78
USGS	08072300	00065	134320		8	12	1999	2017	19	57.75
USGS	08072300	00065	134320		8	13	1999	2017	19	57.71
USGS	08072300	00065	134320		8	14	1999	2017	19	57.70
USGS	08072300	00065	134320		8	15	1999	2017	19	57.87
USGS	08072300	00065	134320		8	16	1999	2017	19	58.10
USGS	08072300	00065	134320		8	17	1999	2017	19	58.08
USGS	08072300	00065	134320		8	18	1999	2017	19	57.93
USGS	08072300	00065	134320		8	19	1999	2017	19	58.04
USGS	08072300	00065	134320		8	20	1999	2017	19	57.98
USGS	08072300	00065	134320		8	21	1999	2017	19	57.98
USGS	08072300	00065	134320		8	22	1999	2017	18	59.85
USGS	08072300	00065	134320		8	23	1999	2017	19	57.89
USGS	08072300	00065	134320		8	24	1999	2017	19	57.78
USGS	08072300	00065	134320		8	25	1999	2017	19	57.79
USGS	08072300	00065	134320		8	26	1999	2017	19	58.14
USGS	08072300	00065	134320		8	27	1999	2017	19	58.47
USGS	08072300	00065	134320		8	28	1999	2017	19	58.81
USGS	08072300	00065	134320		8	29	1999	2017	19	58.52
USGS	08072300	00065	134320		8	30	1999	2017	19	58.36
USGS	08072300	00065	134320		8	31	1999	2017	19	58.33
USGS	08072300	00065	134320		9	1	1999	2017	19	58.29
USGS	08072300	00065	134320		9	2	1999	2017	18	60.23
USGS	08072300	00065	134320		9	3	1999	2017	19	58.17
USGS	08072300	00065	134320		9	4	1999	2017	19	58.05
USGS	08072300	00065	134320		9	5	1999	2017	19	58.02
USGS	08072300	00065	134320		9	6	1999	2017	18	59.95
USGS	08072300	00065	134320		9	7	1999	2017	19	58.06
USGS	08072300	00065	134320		9	8	1999	2017	19	58.05
USGS	08072300	00065	134320		9	9	1999	2017	19	58.10
USGS	08072300	00065	134320		9	10	1999	2017	19	58.09
USGS	08072300	00065	134320		9	11	1999	2017	19	58.14
USGS	08072300	00065	134320		9	12	1999	2017	19	58.08
USGS	08072300	00065	134320		9	13	1999	2017	18	60.04
USGS	08072300	00065	134320		9	14	1999	2017	18	60.25
USGS	08072300	00065	134320		9	15	1999	2017	19	58.10
USGS	08072300	00065	134320		9	16	1999	2017	18	59.90
USGS	08072300	00065	134320		9	17	1999	2017	19	57.89
USGS	08072300	00065	134320		9	18	1999	2017	19	57.86
USGS	08072300	00065	134320		9	19	1999	2017	19	58.02
USGS	08072300	00065	134320		9	20	1999	2017	19	58.14
USGS	08072300	00065	134320		9	21	1999	2017	19	58.09
USGS	08072300	00065	134320		9	22	1999	2017	19	58.12
USGS	08072300	00065	134320		9	23	1999	2017	19	57.97
USGS	08072300	00065	134320		9	24	1999	2017	19	57.95
USGS	08072300	00065	134320		9	25	1999	2017	19	57.82
USGS	08072300	00065	134320		9	26	1999	2017	19	57.78
USGS	08072300	00065	134320		9	27	1999	2017	19	57.71
USGS	08072300	00065	134320		9	28	1999	2017	19	57.68
USGS	08072300	00065	134320		9	29	1999	2017	19	57.73
USGS	08072300	00065	134320		9	30	1999	2017	19	57.73
USGS	08072300	00065	134320		10	1	1999	2018	20	59.68
USGS	08072300	00065	134320		10	2	1999	2018	20	59.73
USGS	08072300	00065	134320		10	3	1999	2018	20	59.73
USGS	08072300	00065	134320		10	4	1999	2018	20	59.72
USGS	08072300	00065	134320		10	5	1999	2018	19	57.83
USGS	08072300	00065	134320		10	6	1999	2018	20	59.89
USGS	08072300	00065	134320		10	7	1999	2018	20	59.88
USGS	08072300	00065	134320		10	8	1999	2018	19	61.82
USGS	08072300	00065	134320		10	9	1999	2018	20	59.97
USGS	08072300	00065	134320		10	10	1999	2018	19	61.91
USGS	08072300	00065	134320		10	11	1999	2018	19	61.97
USGS	08072300	00065	134320		10	12	1999	2018	19	61.94
USGS	08072300	00065	134320		10	13	1999	2018	19	62.10
USGS	08072300	00065	134320		10	14	1999	2018	19	62.11
USGS	08072300	00065	134320		10	15	1999	2018	20	60.14
USGS	08072300	00065	134320		10	16	1999	2018	20	60.47
USGS	08072300	00065	134320		10	17	1999	2018	19	62.22
USGS	08072300	00065	134320		10	18	1999	2018	20	60.51
USGS	08072300	00065	134320		10	19	1999	2018	20	60.63
USGS	08072300	00065	134320		10	20	1999	2018	19	58.63
USGS	08072300	00065	134320		10	21	1999	2018	20	60.35
USGS	08072300	00065	134320		10	22	1999	2018	20	60.39
USGS	08072300	00065	134320		10	23	1999	2018	20	60.34
USGS	08072300	00065	134320		10	24	1999	2018	20	60.21
USGS	08072300	00065	134320		10	25	1999	2018	20	60.45
USGS	08072300	00065	134320		10	26	1999	2018	20	60.45
USGS	08072300	00065	134320		10	27	1999	2018	20	60.40
USGS	08072300	00065	134320		10	28	1999	2018	20	60.26
USGS	08072300	00065	134320		10	29	1999	2018	19	62.42
USGS	08072300	00065	134320		10	30	1999	2018	20	60.37
USGS	08072300	00065	134320		10	31	1999	2018	20	60.44
USGS	08072300	00065	134320		11	1	1999	2018	20	60.46
USGS	08072300	00065	134320		11	2	1999	2018	19	62.36
USGS	08072300	00065	134320		11	3	1999	2018	20	60.32
USGS	08072300	00065	134320		11	4	1999	2018	20	60.38
USGS	08072300	00065	134320		11	5	1999	2018	20	60.28
USGS	08072300	00065	134320		11	6	1999	2018	20	60.23
USGS	08072300	00065	134320		11	7	1999	2018	20	60.12
USGS	08072300	00065	134320		11	8	1999	2018	20	59.98
USGS	08072300	00065	134320		11	9	1999	2018	20	59.88
USGS	08072300	00065	134320		11	10	1999	2018	20	59.84
USGS	08072300	00065	134320		11	11	1999	2018	20	59.81
USGS	08072300	00065	134320		11	12	1999	2018	19	62.15
USGS	08072300	00065	134320		11	13	1999	2018	19	58.56
USGS	08072300	00065	134320		11	14	1999	2018	20	60.27
USGS	08072300	00065	134320		11	15	1999	2018	20	60.23
USGS	08072300	00065	134320		11	16	1999	2016	18	56.03
USGS	08072300	00065	134320		11	17	1999	2017	19	58.31
USGS	08072300	00065	134320		11	18	1999	2018	20	60.65
USGS	08072300	00065	134320		11	19	1999	2018	20	60.38
USGS	08072300	00065	134320		11	20	1999	2018	20	60.18
USGS	08072300	00065	134320		11	21	1999	2018	20	60.10
USGS	08072300	00065	134320		11	22	1999	2018	20	60.23
USGS	08072300	00065	134320		11	23	1999	2018	20	60.33
USGS	08072300	00065	134320		11	24	1999	2018	20	60.48
USGS	08072300	00065	134320		11	25	1999	2018	20	60.35
USGS	08072300	00065	134320		11	26	1999	2018	20	60.25
USGS	08072300	00065	134320		11	27	1999	2018	19	58.16
USGS	08072300	00065	134320		11	28	1999	2018	20	59.98
USGS	08072300	00065	134320		11	29	1999	2018	20	59.89
USGS	08072300	00065	134320		11	30	1999	2018	19	61.80
USGS	08072300	00065	134320		12	1	1999	2018	20	59.79
USGS	08072300	00065	134320		12	2	1999	2018	20	59.89
USGS	08072300	00065	134320		12	3	1999	2018	20	59.96
USGS	08072300	00065	134320		12	4	1999	2018	20	59.99
USGS	08072300	00065	134320		12	5	1999	2018	19	61.95
USGS	08072300	00065	134320		12	6	1999	2018	19	61.82
USGS	08072300	00065	134320		12	7	1999	2018	19	61.80
USGS	08072300	00065	134320		12	8	1999	2018	19	61.88
USGS	08072300	00065	134320		12	9	1999	2018	20	59.97
USGS	08072300	00065	134320		12	10	1999	2018	20	59.96
USGS	08072300	00065	134320		12	11	1999	2018	19	61.84
USGS	08072300	00065	134320		12	12	1999	2018	19	62.24
USGS	08072300	00065	134320		12	13	1999	2018	19	62.37
USGS	08072300	00065	134320		12	14	1999	2018	19	62.32
USGS	08072300	00065	134320		12	15	1999	2018	20	60.14
USGS	08072300	00065	134320		12	16	1999	2018	20	60.08
USGS	08072300	00065	134320		12	17	1999	2018	20	60.08
USGS	08072300	00065	134320		12	18	1999	2018	20	59.97
USGS	08072300	00065	134320		12	19	1999	2018	20	60.03
USGS	08072300	00065	134320		12	20	1999	2018	20	60.02
USGS	08072300	00065	134320		12	21	1999	2018	20	59.90
USGS	08072300	00065	134320		12	22	1999	2018	20	59.92
USGS	08072300	00065	134320		12	23	2000	2018	19	61.75
USGS	08072300	00065	134320		12	24	2000	2018	19	62.06
USGS	08072300	00065	134320		12	25	1999	2018	20	60.16
USGS	08072300	00065	134320		12	26	1999	2018	20	59.93
USGS	08072300	00065	134320		12	27	1999	2018	20	59.86
USGS	08072300	00065	134320		12	28	1999	2018	20	59.89
USGS	08072300	00065	134320		12	29	1999	2018	20	59.89
USGS	08072300	00065	134320		12	30	1999	2018	20	59.99
USGS	08072300	00065	134320		12	31	1999	2018	20	60.07
