#
#
# US Geological Survey, Water Resources Data
# retrieved: 2019-02-26 15:07:59 -05:00	(natwebcaas01)
#
# This file contains USGS Daily Statistics
#
# Note:The statistics generated are based on approved daily-mean data and may not match those published by the USGS in official publications.
# The user is responsible for assessment and use of statistics from this site.
# For more details on why the statistics may not match, visit http://help.waterdata.usgs.gov/faq/about-statistics.
#
# Data heading explanations.
# agency_cd       -- agency code
# site_no         -- Site identification number
# parameter_cd    -- Parameter code
# station_nm      -- Site name
# loc_web_ds      -- Additional measurement description
#
# Data for the following 1 site(s) are contained in this file
# agency_cd   site_no      parameter_cd   station_nm (loc_web_ds)
# USGS        08072730     00065          Bear Ck nr Barker, TX
#
# Explanation of Parameter Codes
# parameter_cd	Parameter Name
# 00065         Gage height, feet
#
# Data heading explanations.
# month_nu    ... The month for which the statistics apply.
# day_nu      ... The day for which the statistics apply.
# begin_yr    ... First water year of data of daily mean values for this day.
# end_yr      ... Last water year of data of daily mean values for this day.
# count_nu    ... Number of values used in the calculation.
# mean_va     ... Mean of daily mean values for this day.
#
agency_cd	site_no	parameter_cd	ts_id	loc_web_ds	month_nu	day_nu	begin_yr	end_yr	count_nu	mean_va
5s	15s	5s	10n	15s	3n	3n	6n	6n	8n	12s
USGS	08072730	00065	134345		1	1	1999	2018	17	52.58
USGS	08072730	00065	134345		1	2	1999	2018	17	52.74
USGS	08072730	00065	134345		1	3	1999	2018	17	52.64
USGS	08072730	00065	134345		1	4	1999	2018	19	52.37
USGS	08072730	00065	134345		1	5	1999	2018	19	52.45
USGS	08072730	00065	134345		1	6	1999	2018	18	49.77
USGS	08072730	00065	134345		1	7	1999	2018	18	49.80
USGS	08072730	00065	134345		1	8	1999	2018	19	52.34
USGS	08072730	00065	134345		1	9	1999	2018	19	52.70
USGS	08072730	00065	134345		1	10	1999	2018	19	52.34
USGS	08072730	00065	134345		1	11	1999	2018	19	52.23
USGS	08072730	00065	134345		1	12	1999	2018	19	52.17
USGS	08072730	00065	134345		1	13	1999	2018	19	52.29
USGS	08072730	00065	134345		1	14	1999	2018	19	52.18
USGS	08072730	00065	134345		1	15	1999	2018	19	52.31
USGS	08072730	00065	134345		1	16	1999	2018	19	52.62
USGS	08072730	00065	134345		1	17	1999	2018	18	50.08
USGS	08072730	00065	134345		1	18	1999	2018	18	50.11
USGS	08072730	00065	134345		1	19	1999	2018	19	52.70
USGS	08072730	00065	134345		1	20	1999	2018	19	52.51
USGS	08072730	00065	134345		1	21	1999	2018	19	52.48
USGS	08072730	00065	134345		1	22	1999	2018	19	52.51
USGS	08072730	00065	134345		1	23	1999	2018	19	52.32
USGS	08072730	00065	134345		1	24	1999	2018	19	52.67
USGS	08072730	00065	134345		1	25	1999	2018	19	52.74
USGS	08072730	00065	134345		1	26	1999	2018	19	52.61
USGS	08072730	00065	134345		1	27	1999	2018	19	52.52
USGS	08072730	00065	134345		1	28	1999	2018	19	52.55
USGS	08072730	00065	134345		1	29	1999	2018	19	52.55
USGS	08072730	00065	134345		1	30	1999	2018	19	52.45
USGS	08072730	00065	134345		1	31	1999	2018	19	52.50
USGS	08072730	00065	134345		2	1	1999	2018	19	52.56
USGS	08072730	00065	134345		2	2	1999	2018	19	52.56
USGS	08072730	00065	134345		2	3	1999	2018	19	52.44
USGS	08072730	00065	134345		2	4	1999	2018	19	52.62
USGS	08072730	00065	134345		2	5	1999	2018	19	52.49
USGS	08072730	00065	134345		2	6	1999	2018	19	52.40
USGS	08072730	00065	134345		2	7	1999	2018	19	52.42
USGS	08072730	00065	134345		2	8	1999	2018	19	52.40
USGS	08072730	00065	134345		2	9	1999	2018	19	52.39
USGS	08072730	00065	134345		2	10	1999	2018	19	52.68
USGS	08072730	00065	134345		2	11	1999	2018	19	52.71
USGS	08072730	00065	134345		2	12	1999	2018	19	52.65
USGS	08072730	00065	134345		2	13	1999	2018	19	52.57
USGS	08072730	00065	134345		2	14	1999	2018	19	52.56
USGS	08072730	00065	134345		2	15	1999	2018	19	52.43
USGS	08072730	00065	134345		2	16	1999	2018	19	52.33
USGS	08072730	00065	134345		2	17	1999	2018	19	52.36
USGS	08072730	00065	134345		2	18	1999	2018	19	52.41
USGS	08072730	00065	134345		2	19	1999	2018	19	52.35
USGS	08072730	00065	134345		2	20	1999	2018	19	52.39
USGS	08072730	00065	134345		2	21	1999	2018	19	52.51
USGS	08072730	00065	134345		2	22	1999	2018	19	52.47
USGS	08072730	00065	134345		2	23	2000	2018	18	55.29
USGS	08072730	00065	134345		2	24	1999	2018	19	52.39
USGS	08072730	00065	134345		2	25	1999	2018	19	52.74
USGS	08072730	00065	134345		2	26	1999	2018	19	52.58
USGS	08072730	00065	134345		2	27	1999	2018	19	52.40
USGS	08072730	00065	134345		2	28	1999	2018	19	52.28
USGS	08072730	00065	134345		2	29	2000	2016	5	39.94
USGS	08072730	00065	134345		3	1	1999	2018	19	52.30
USGS	08072730	00065	134345		3	2	1999	2018	19	52.25
USGS	08072730	00065	134345		3	3	1999	2018	19	52.29
USGS	08072730	00065	134345		3	4	1999	2018	18	49.75
USGS	08072730	00065	134345		3	5	1999	2018	19	52.33
USGS	08072730	00065	134345		3	6	1999	2018	19	52.28
USGS	08072730	00065	134345		3	7	1999	2018	19	52.32
USGS	08072730	00065	134345		3	8	1999	2018	19	52.39
USGS	08072730	00065	134345		3	9	1999	2018	19	52.87
USGS	08072730	00065	134345		3	10	1999	2018	19	53.21
USGS	08072730	00065	134345		3	11	1999	2018	19	53.06
USGS	08072730	00065	134345		3	12	1999	2018	19	52.97
USGS	08072730	00065	134345		3	13	1999	2018	19	52.90
USGS	08072730	00065	134345		3	14	1999	2018	19	53.03
USGS	08072730	00065	134345		3	15	1999	2018	19	52.82
USGS	08072730	00065	134345		3	16	1999	2018	19	52.59
USGS	08072730	00065	134345		3	17	1999	2018	19	52.39
USGS	08072730	00065	134345		3	18	1999	2018	19	52.27
USGS	08072730	00065	134345		3	19	1999	2018	19	52.42
USGS	08072730	00065	134345		3	20	1999	2018	19	52.67
USGS	08072730	00065	134345		3	21	1999	2018	19	52.48
USGS	08072730	00065	134345		3	22	1999	2018	18	49.58
USGS	08072730	00065	134345		3	23	1999	2018	19	52.08
USGS	08072730	00065	134345		3	24	1999	2018	19	52.14
USGS	08072730	00065	134345		3	25	1999	2018	19	52.19
USGS	08072730	00065	134345		3	26	1999	2018	19	52.09
USGS	08072730	00065	134345		3	27	1999	2018	19	52.12
USGS	08072730	00065	134345		3	28	1999	2018	19	52.24
USGS	08072730	00065	134345		3	29	2000	2018	18	55.32
USGS	08072730	00065	134345		3	30	1999	2018	18	55.17
USGS	08072730	00065	134345		3	31	1999	2018	18	55.13
USGS	08072730	00065	134345		4	1	1999	2018	18	55.03
USGS	08072730	00065	134345		4	2	1999	2018	19	52.33
USGS	08072730	00065	134345		4	3	1999	2018	19	52.34
USGS	08072730	00065	134345		4	4	1999	2018	19	52.15
USGS	08072730	00065	134345		4	5	1999	2018	19	52.07
USGS	08072730	00065	134345		4	6	1999	2018	19	52.07
USGS	08072730	00065	134345		4	7	1999	2018	19	52.05
USGS	08072730	00065	134345		4	8	1999	2018	19	52.32
USGS	08072730	00065	134345		4	9	1999	2018	19	52.15
USGS	08072730	00065	134345		4	10	1999	2018	19	52.18
USGS	08072730	00065	134345		4	11	1999	2018	19	52.52
USGS	08072730	00065	134345		4	12	1999	2018	19	52.49
USGS	08072730	00065	134345		4	13	1999	2018	19	52.36
USGS	08072730	00065	134345		4	14	1999	2018	19	52.23
USGS	08072730	00065	134345		4	15	1999	2018	19	52.06
USGS	08072730	00065	134345		4	16	1999	2018	19	52.08
USGS	08072730	00065	134345		4	17	1999	2018	19	52.34
USGS	08072730	00065	134345		4	18	1999	2018	19	53.52
USGS	08072730	00065	134345		4	19	1999	2018	19	53.14
USGS	08072730	00065	134345		4	20	1999	2018	19	52.91
USGS	08072730	00065	134345		4	21	1999	2018	19	52.77
USGS	08072730	00065	134345		4	22	1999	2018	19	52.60
USGS	08072730	00065	134345		4	23	1999	2018	19	52.39
USGS	08072730	00065	134345		4	24	1999	2018	19	52.42
USGS	08072730	00065	134345		4	25	1999	2018	19	52.70
USGS	08072730	00065	134345		4	26	1999	2018	19	52.59
USGS	08072730	00065	134345		4	27	1999	2018	19	52.69
USGS	08072730	00065	134345		4	28	1999	2018	19	53.11
USGS	08072730	00065	134345		4	29	1999	2018	19	52.98
USGS	08072730	00065	134345		4	30	1999	2018	19	52.74
USGS	08072730	00065	134345		5	1	1999	2018	19	52.89
USGS	08072730	00065	134345		5	2	1999	2018	19	52.97
USGS	08072730	00065	134345		5	3	1999	2018	19	52.96
USGS	08072730	00065	134345		5	4	1999	2018	19	52.85
USGS	08072730	00065	134345		5	5	1999	2018	19	52.78
USGS	08072730	00065	134345		5	6	1999	2018	19	52.69
USGS	08072730	00065	134345		5	7	1999	2018	19	52.43
USGS	08072730	00065	134345		5	8	1999	2018	19	52.40
USGS	08072730	00065	134345		5	9	1999	2018	18	55.26
USGS	08072730	00065	134345		5	10	1999	2018	19	52.44
USGS	08072730	00065	134345		5	11	1999	2018	19	52.66
USGS	08072730	00065	134345		5	12	1999	2018	19	52.77
USGS	08072730	00065	134345		5	13	1999	2018	19	52.97
USGS	08072730	00065	134345		5	14	1999	2018	19	52.96
USGS	08072730	00065	134345		5	15	1999	2018	19	53.00
USGS	08072730	00065	134345		5	16	1999	2018	19	52.68
USGS	08072730	00065	134345		5	17	1999	2018	19	52.60
USGS	08072730	00065	134345		5	18	1999	2018	19	52.53
USGS	08072730	00065	134345		5	19	1999	2018	19	52.48
USGS	08072730	00065	134345		5	20	1999	2018	19	52.66
USGS	08072730	00065	134345		5	21	1999	2018	19	52.67
USGS	08072730	00065	134345		5	22	1999	2018	19	52.63
USGS	08072730	00065	134345		5	23	1999	2018	19	52.40
USGS	08072730	00065	134345		5	24	1999	2018	19	52.40
USGS	08072730	00065	134345		5	25	1999	2018	19	52.35
USGS	08072730	00065	134345		5	26	1999	2018	19	52.68
USGS	08072730	00065	134345		5	27	1999	2018	19	53.09
USGS	08072730	00065	134345		5	28	1999	2018	19	53.24
USGS	08072730	00065	134345		5	29	1999	2018	19	53.39
USGS	08072730	00065	134345		5	30	1999	2018	19	53.31
USGS	08072730	00065	134345		5	31	1999	2018	19	53.26
USGS	08072730	00065	134345		6	1	1999	2018	19	53.06
USGS	08072730	00065	134345		6	2	1999	2018	19	52.90
USGS	08072730	00065	134345		6	3	1999	2018	19	52.78
USGS	08072730	00065	134345		6	4	1999	2018	19	52.70
USGS	08072730	00065	134345		6	5	1999	2018	19	52.53
USGS	08072730	00065	134345		6	6	1999	2018	18	55.21
USGS	08072730	00065	134345		6	7	1999	2018	19	52.40
USGS	08072730	00065	134345		6	8	1999	2018	19	52.57
USGS	08072730	00065	134345		6	9	1999	2018	19	52.55
USGS	08072730	00065	134345		6	10	1999	2018	19	52.35
USGS	08072730	00065	134345		6	11	1999	2018	19	52.37
USGS	08072730	00065	134345		6	12	1999	2018	18	55.22
USGS	08072730	00065	134345		6	13	1999	2018	19	52.40
USGS	08072730	00065	134345		6	14	1999	2018	19	52.47
USGS	08072730	00065	134345		6	15	1999	2018	19	52.68
USGS	08072730	00065	134345		6	16	1999	2018	19	52.59
USGS	08072730	00065	134345		6	17	1999	2018	18	55.60
USGS	08072730	00065	134345		6	18	1999	2018	19	52.80
USGS	08072730	00065	134345		6	19	1999	2018	19	53.11
USGS	08072730	00065	134345		6	20	1999	2018	18	55.67
USGS	08072730	00065	134345		6	21	1999	2018	18	55.50
USGS	08072730	00065	134345		6	22	1999	2018	19	52.79
USGS	08072730	00065	134345		6	23	1999	2018	19	52.90
USGS	08072730	00065	134345		6	24	1999	2018	19	53.01
USGS	08072730	00065	134345		6	25	1999	2018	19	53.00
USGS	08072730	00065	134345		6	26	1999	2018	19	52.96
USGS	08072730	00065	134345		6	27	1999	2018	19	52.82
USGS	08072730	00065	134345		6	28	1999	2018	19	52.91
USGS	08072730	00065	134345		6	29	1999	2018	19	52.77
USGS	08072730	00065	134345		6	30	1999	2018	19	52.79
USGS	08072730	00065	134345		7	1	1999	2018	19	52.68
USGS	08072730	00065	134345		7	2	1999	2018	19	52.89
USGS	08072730	00065	134345		7	3	1999	2018	19	52.75
USGS	08072730	00065	134345		7	4	1999	2018	19	52.77
USGS	08072730	00065	134345		7	5	1999	2018	19	52.92
USGS	08072730	00065	134345		7	6	1999	2018	19	52.80
USGS	08072730	00065	134345		7	7	1999	2018	19	52.85
USGS	08072730	00065	134345		7	8	1999	2018	19	53.06
USGS	08072730	00065	134345		7	9	1999	2018	19	52.84
USGS	08072730	00065	134345		7	10	1999	2018	19	52.90
USGS	08072730	00065	134345		7	11	1999	2018	19	52.69
USGS	08072730	00065	134345		7	12	1999	2018	19	52.75
USGS	08072730	00065	134345		7	13	1999	2018	19	52.70
USGS	08072730	00065	134345		7	14	1999	2018	19	52.74
USGS	08072730	00065	134345		7	15	1999	2018	19	52.98
USGS	08072730	00065	134345		7	16	1999	2018	19	52.88
USGS	08072730	00065	134345		7	17	1999	2018	19	52.82
USGS	08072730	00065	134345		7	18	1999	2018	19	52.77
USGS	08072730	00065	134345		7	19	1999	2018	19	52.81
USGS	08072730	00065	134345		7	20	1999	2018	19	52.64
USGS	08072730	00065	134345		7	21	1999	2018	19	52.65
USGS	08072730	00065	134345		7	22	1999	2018	19	52.47
USGS	08072730	00065	134345		7	23	1999	2018	18	49.96
USGS	08072730	00065	134345		7	24	1999	2018	19	52.53
USGS	08072730	00065	134345		7	25	1999	2018	19	52.54
USGS	08072730	00065	134345		7	26	1999	2018	19	52.65
USGS	08072730	00065	134345		7	27	1999	2017	18	49.95
USGS	08072730	00065	134345		7	28	1999	2017	18	49.87
USGS	08072730	00065	134345		7	29	1999	2017	18	49.88
USGS	08072730	00065	134345		7	30	1999	2017	17	46.96
USGS	08072730	00065	134345		7	31	1999	2017	17	46.96
USGS	08072730	00065	134345		8	1	1999	2017	18	49.74
USGS	08072730	00065	134345		8	2	1999	2017	18	49.71
USGS	08072730	00065	134345		8	3	1999	2017	18	49.67
USGS	08072730	00065	134345		8	4	1999	2017	18	49.76
USGS	08072730	00065	134345		8	5	1999	2017	18	49.90
USGS	08072730	00065	134345		8	6	1999	2017	18	49.70
USGS	08072730	00065	134345		8	7	1999	2017	18	49.77
USGS	08072730	00065	134345		8	8	1999	2017	18	50.06
USGS	08072730	00065	134345		8	9	1999	2017	17	52.82
USGS	08072730	00065	134345		8	10	1999	2017	17	52.68
USGS	08072730	00065	134345		8	11	1999	2017	18	49.79
USGS	08072730	00065	134345		8	12	1999	2017	18	49.71
USGS	08072730	00065	134345		8	13	1999	2017	18	49.69
USGS	08072730	00065	134345		8	14	1999	2017	18	49.83
USGS	08072730	00065	134345		8	15	1999	2017	18	49.92
USGS	08072730	00065	134345		8	16	1999	2017	18	50.18
USGS	08072730	00065	134345		8	17	1999	2017	18	50.11
USGS	08072730	00065	134345		8	18	1999	2017	18	50.08
USGS	08072730	00065	134345		8	19	1999	2017	18	50.10
USGS	08072730	00065	134345		8	20	1999	2017	18	49.93
USGS	08072730	00065	134345		8	21	1999	2017	18	50.00
USGS	08072730	00065	134345		8	22	1999	2017	18	50.07
USGS	08072730	00065	134345		8	23	1999	2017	18	49.90
USGS	08072730	00065	134345		8	24	1999	2017	18	49.65
USGS	08072730	00065	134345		8	25	1999	2017	18	49.67
USGS	08072730	00065	134345		8	26	1999	2017	18	49.91
USGS	08072730	00065	134345		8	27	1999	2017	18	50.21
USGS	08072730	00065	134345		8	28	1999	2016	17	46.98
USGS	08072730	00065	134345		8	29	1999	2016	17	46.90
USGS	08072730	00065	134345		8	30	1999	2016	17	46.76
USGS	08072730	00065	134345		8	31	1999	2016	17	46.73
USGS	08072730	00065	134345		9	1	1999	2016	17	46.90
USGS	08072730	00065	134345		9	2	1999	2016	17	46.88
USGS	08072730	00065	134345		9	3	1999	2017	18	50.46
USGS	08072730	00065	134345		9	4	1999	2016	17	46.97
USGS	08072730	00065	134345		9	5	1999	2016	17	46.79
USGS	08072730	00065	134345		9	6	1999	2016	17	46.84
USGS	08072730	00065	134345		9	7	1999	2016	17	47.02
USGS	08072730	00065	134345		9	8	1999	2016	17	47.03
USGS	08072730	00065	134345		9	9	1999	2016	17	46.80
USGS	08072730	00065	134345		9	10	1999	2016	17	46.77
USGS	08072730	00065	134345		9	11	1999	2016	17	46.98
USGS	08072730	00065	134345		9	12	1999	2017	18	50.00
USGS	08072730	00065	134345		9	13	1999	2017	18	50.19
USGS	08072730	00065	134345		9	14	1999	2017	18	50.16
USGS	08072730	00065	134345		9	15	1999	2017	18	49.87
USGS	08072730	00065	134345		9	16	1999	2017	17	52.62
USGS	08072730	00065	134345		9	17	1999	2017	18	49.73
USGS	08072730	00065	134345		9	18	1999	2017	18	49.92
USGS	08072730	00065	134345		9	19	1999	2017	18	50.21
USGS	08072730	00065	134345		9	20	1999	2017	18	50.09
USGS	08072730	00065	134345		9	21	1999	2017	18	50.07
USGS	08072730	00065	134345		9	22	1999	2017	18	49.89
USGS	08072730	00065	134345		9	23	1999	2017	18	49.70
USGS	08072730	00065	134345		9	24	1999	2017	18	49.76
USGS	08072730	00065	134345		9	25	1999	2017	18	49.58
USGS	08072730	00065	134345		9	26	1999	2017	17	52.30
USGS	08072730	00065	134345		9	27	1999	2017	17	52.26
USGS	08072730	00065	134345		9	28	1999	2017	18	49.44
USGS	08072730	00065	134345		9	29	1999	2017	18	49.50
USGS	08072730	00065	134345		9	30	1999	2017	18	49.54
USGS	08072730	00065	134345		10	1	1999	2018	19	52.00
USGS	08072730	00065	134345		10	2	1999	2018	19	52.18
USGS	08072730	00065	134345		10	3	1999	2018	19	52.15
USGS	08072730	00065	134345		10	4	1999	2018	19	52.07
USGS	08072730	00065	134345		10	5	1999	2018	19	52.24
USGS	08072730	00065	134345		10	6	1999	2018	19	52.29
USGS	08072730	00065	134345		10	7	1999	2018	19	52.40
USGS	08072730	00065	134345		10	8	1999	2018	19	52.22
USGS	08072730	00065	134345		10	9	1999	2018	19	52.38
USGS	08072730	00065	134345		10	10	1999	2018	19	52.50
USGS	08072730	00065	134345		10	11	1999	2018	19	52.41
USGS	08072730	00065	134345		10	12	1999	2018	19	52.32
USGS	08072730	00065	134345		10	13	1999	2018	19	52.48
USGS	08072730	00065	134345		10	14	1999	2018	19	52.46
USGS	08072730	00065	134345		10	15	1999	2018	19	52.52
USGS	08072730	00065	134345		10	16	1999	2018	19	52.84
USGS	08072730	00065	134345		10	17	1999	2018	19	52.50
USGS	08072730	00065	134345		10	18	1999	2018	19	52.61
USGS	08072730	00065	134345		10	19	1999	2018	19	52.90
USGS	08072730	00065	134345		10	20	1999	2018	19	52.79
USGS	08072730	00065	134345		10	21	1999	2018	19	52.65
USGS	08072730	00065	134345		10	22	1999	2018	19	52.85
USGS	08072730	00065	134345		10	23	1999	2018	19	52.84
USGS	08072730	00065	134345		10	24	1999	2018	19	52.62
USGS	08072730	00065	134345		10	25	1999	2018	18	50.30
USGS	08072730	00065	134345		10	26	1999	2018	19	52.80
USGS	08072730	00065	134345		10	27	1999	2018	19	52.71
USGS	08072730	00065	134345		10	28	1999	2018	19	52.46
USGS	08072730	00065	134345		10	29	1999	2018	19	52.56
USGS	08072730	00065	134345		10	30	1999	2018	19	52.67
USGS	08072730	00065	134345		10	31	1999	2018	19	52.93
USGS	08072730	00065	134345		11	1	1999	2018	19	52.95
USGS	08072730	00065	134345		11	2	1999	2018	19	52.73
USGS	08072730	00065	134345		11	3	1999	2018	19	52.56
USGS	08072730	00065	134345		11	4	1999	2018	19	52.55
USGS	08072730	00065	134345		11	5	1999	2018	19	52.48
USGS	08072730	00065	134345		11	6	2000	2018	18	55.17
USGS	08072730	00065	134345		11	7	2000	2018	18	55.28
USGS	08072730	00065	134345		11	8	2000	2017	17	52.63
USGS	08072730	00065	134345		11	9	2000	2017	17	52.58
USGS	08072730	00065	134345		11	10	2000	2018	18	55.08
USGS	08072730	00065	134345		11	11	1999	2017	18	49.77
USGS	08072730	00065	134345		11	12	1999	2018	19	52.57
USGS	08072730	00065	134345		11	13	1999	2018	19	52.76
USGS	08072730	00065	134345		11	14	1999	2017	18	50.15
USGS	08072730	00065	134345		11	15	1999	2017	18	50.18
USGS	08072730	00065	134345		11	16	1999	2018	19	52.68
USGS	08072730	00065	134345		11	17	1999	2018	19	52.89
USGS	08072730	00065	134345		11	18	1999	2018	19	52.96
USGS	08072730	00065	134345		11	19	1999	2018	19	52.63
USGS	08072730	00065	134345		11	20	1999	2018	19	52.64
USGS	08072730	00065	134345		11	21	1999	2018	19	52.70
USGS	08072730	00065	134345		11	22	1999	2018	19	52.73
USGS	08072730	00065	134345		11	23	1999	2018	19	52.69
USGS	08072730	00065	134345		11	24	1999	2018	19	52.65
USGS	08072730	00065	134345		11	25	1999	2018	19	52.67
USGS	08072730	00065	134345		11	26	1999	2018	19	52.75
USGS	08072730	00065	134345		11	27	1999	2018	19	52.55
USGS	08072730	00065	134345		11	28	1999	2018	19	52.44
USGS	08072730	00065	134345		11	29	1999	2018	19	52.31
USGS	08072730	00065	134345		11	30	1999	2018	19	52.28
USGS	08072730	00065	134345		12	1	1999	2018	18	54.99
USGS	08072730	00065	134345		12	2	1999	2018	19	52.39
USGS	08072730	00065	134345		12	3	1999	2018	19	52.47
USGS	08072730	00065	134345		12	4	1999	2018	19	52.50
USGS	08072730	00065	134345		12	5	1999	2018	19	52.57
USGS	08072730	00065	134345		12	6	1999	2018	19	52.35
USGS	08072730	00065	134345		12	7	1999	2018	19	52.33
USGS	08072730	00065	134345		12	8	1999	2018	19	52.39
USGS	08072730	00065	134345		12	9	1999	2018	18	55.12
USGS	08072730	00065	134345		12	10	1999	2018	19	52.26
USGS	08072730	00065	134345		12	11	1999	2018	19	52.37
USGS	08072730	00065	134345		12	12	1999	2018	19	52.77
USGS	08072730	00065	134345		12	13	1999	2018	19	52.94
USGS	08072730	00065	134345		12	14	1999	2018	18	50.37
USGS	08072730	00065	134345		12	15	1999	2018	19	52.75
USGS	08072730	00065	134345		12	16	1999	2018	19	52.58
USGS	08072730	00065	134345		12	17	1999	2018	18	50.02
USGS	08072730	00065	134345		12	18	1999	2018	18	49.82
USGS	08072730	00065	134345		12	19	1999	2018	19	52.54
USGS	08072730	00065	134345		12	20	1999	2018	19	52.51
USGS	08072730	00065	134345		12	21	1999	2018	19	52.31
USGS	08072730	00065	134345		12	22	1999	2018	19	52.38
USGS	08072730	00065	134345		12	23	2000	2018	18	55.02
USGS	08072730	00065	134345		12	24	2000	2018	18	55.44
USGS	08072730	00065	134345		12	25	1999	2018	19	52.44
USGS	08072730	00065	134345		12	26	1999	2018	19	52.17
USGS	08072730	00065	134345		12	27	1999	2018	19	52.21
USGS	08072730	00065	134345		12	28	1999	2018	19	52.25
USGS	08072730	00065	134345		12	29	1999	2018	19	52.27
USGS	08072730	00065	134345		12	30	1999	2018	18	49.78
USGS	08072730	00065	134345		12	31	1999	2018	18	49.80
