#
#
# US Geological Survey, Water Resources Data
# retrieved: 2019-02-26 15:07:59 -05:00	(natwebvaas01)
#
# This file contains USGS Daily Statistics
#
# Note:The statistics generated are based on approved daily-mean data and may not match those published by the USGS in official publications.
# The user is responsible for assessment and use of statistics from this site.
# For more details on why the statistics may not match, visit http://help.waterdata.usgs.gov/faq/about-statistics.
#
# Data heading explanations.
# agency_cd       -- agency code
# site_no         -- Site identification number
# parameter_cd    -- Parameter code
# station_nm      -- Site name
# loc_web_ds      -- Additional measurement description
#
# Data for the following 1 site(s) are contained in this file
# agency_cd   site_no      parameter_cd   station_nm (loc_web_ds)
# USGS        08074000     00065          Buffalo Bayou at Houston, TX
#
# Explanation of Parameter Codes
# parameter_cd	Parameter Name
# 00065         Gage height, feet
#
# Data heading explanations.
# month_nu    ... The month for which the statistics apply.
# day_nu      ... The day for which the statistics apply.
# begin_yr    ... First water year of data of daily mean values for this day.
# end_yr      ... Last water year of data of daily mean values for this day.
# count_nu    ... Number of values used in the calculation.
# mean_va     ... Mean of daily mean values for this day.
#
agency_cd	site_no	parameter_cd	ts_id	loc_web_ds	month_nu	day_nu	begin_yr	end_yr	count_nu	mean_va
5s	15s	5s	10n	15s	3n	3n	6n	6n	8n	12s
USGS	08074000	00065	134409		1	1	1988	2017	28	3.87
USGS	08074000	00065	134409		1	2	1988	2017	28	3.87
USGS	08074000	00065	134409		1	3	1988	2017	28	4.19
USGS	08074000	00065	134409		1	4	1988	2017	28	4.04
USGS	08074000	00065	134409		1	5	1988	2017	29	4.06
USGS	08074000	00065	134409		1	6	1988	2017	29	4.11
USGS	08074000	00065	134409		1	7	1988	2017	28	4.06
USGS	08074000	00065	134409		1	8	1988	2017	28	3.92
USGS	08074000	00065	134409		1	9	1988	2017	28	4.51
USGS	08074000	00065	134409		1	10	1988	2017	29	4.70
USGS	08074000	00065	134409		1	11	1989	2017	28	4.54
USGS	08074000	00065	134409		1	12	1988	2017	29	4.21
USGS	08074000	00065	134409		1	13	1988	2017	28	4.16
USGS	08074000	00065	134409		1	14	1988	2017	29	4.15
USGS	08074000	00065	134409		1	15	1988	2017	29	4.33
USGS	08074000	00065	134409		1	16	1988	2017	29	4.41
USGS	08074000	00065	134409		1	17	1988	2017	29	4.73
USGS	08074000	00065	134409		1	18	1988	2017	28	5.49
USGS	08074000	00065	134409		1	19	1988	2017	29	5.14
USGS	08074000	00065	134409		1	20	1988	2017	27	4.75
USGS	08074000	00065	134409		1	21	1988	2017	29	4.46
USGS	08074000	00065	134409		1	22	1988	2017	28	4.42
USGS	08074000	00065	134409		1	23	1988	2017	29	4.56
USGS	08074000	00065	134409		1	24	1988	2017	27	4.30
USGS	08074000	00065	134409		1	25	1988	2017	28	4.97
USGS	08074000	00065	134409		1	26	1988	2017	29	4.82
USGS	08074000	00065	134409		1	27	1988	2017	27	4.77
USGS	08074000	00065	134409		1	28	1988	2017	29	5.17
USGS	08074000	00065	134409		1	29	1988	2017	29	5.23
USGS	08074000	00065	134409		1	30	1988	2017	26	4.01
USGS	08074000	00065	134409		1	31	1988	2017	26	3.83
USGS	08074000	00065	134409		2	1	1989	2017	25	4.30
USGS	08074000	00065	134409		2	2	1988	2017	29	4.25
USGS	08074000	00065	134409		2	3	1988	2017	28	4.25
USGS	08074000	00065	134409		2	4	1988	2017	29	4.72
USGS	08074000	00065	134409		2	5	1988	2017	29	3.96
USGS	08074000	00065	134409		2	6	1988	2017	27	3.72
USGS	08074000	00065	134409		2	7	1988	2017	28	3.96
USGS	08074000	00065	134409		2	8	1988	2017	27	3.91
USGS	08074000	00065	134409		2	9	1988	2017	27	4.22
USGS	08074000	00065	134409		2	10	1988	2017	27	4.12
USGS	08074000	00065	134409		2	11	1988	2017	28	4.60
USGS	08074000	00065	134409		2	12	1988	2017	29	4.66
USGS	08074000	00065	134409		2	13	1988	2017	29	4.49
USGS	08074000	00065	134409		2	14	1988	2017	29	4.31
USGS	08074000	00065	134409		2	15	1988	2017	29	4.45
USGS	08074000	00065	134409		2	16	1988	2017	28	4.50
USGS	08074000	00065	134409		2	17	1988	2017	27	4.43
USGS	08074000	00065	134409		2	18	1988	2017	29	4.60
USGS	08074000	00065	134409		2	19	1988	2017	29	4.31
USGS	08074000	00065	134409		2	20	1988	2017	29	4.46
USGS	08074000	00065	134409		2	21	1988	2017	29	4.70
USGS	08074000	00065	134409		2	22	1988	2017	27	4.56
USGS	08074000	00065	134409		2	23	1988	2017	27	4.68
USGS	08074000	00065	134409		2	24	1988	2017	28	4.96
USGS	08074000	00065	134409		2	25	1988	2017	28	4.65
USGS	08074000	00065	134409		2	26	1988	2017	29	4.34
USGS	08074000	00065	134409		2	27	1988	2017	28	4.20
USGS	08074000	00065	134409		2	28	1988	2017	28	4.53
USGS	08074000	00065	134409		2	29	1988	2016	8	4.43
USGS	08074000	00065	134409		3	1	1988	2017	29	4.59
USGS	08074000	00065	134409		3	2	1988	2017	29	4.56
USGS	08074000	00065	134409		3	3	1988	2017	29	4.42
USGS	08074000	00065	134409		3	4	1988	2017	29	4.98
USGS	08074000	00065	134409		3	5	1988	2017	29	4.97
USGS	08074000	00065	134409		3	6	1988	2017	28	4.48
USGS	08074000	00065	134409		3	7	1989	2017	27	4.45
USGS	08074000	00065	134409		3	8	1988	2017	28	4.13
USGS	08074000	00065	134409		3	9	1988	2017	27	4.32
USGS	08074000	00065	134409		3	10	1988	2017	28	4.62
USGS	08074000	00065	134409		3	11	1988	2017	26	4.16
USGS	08074000	00065	134409		3	12	1988	2017	28	4.50
USGS	08074000	00065	134409		3	13	1989	2017	28	5.37
USGS	08074000	00065	134409		3	14	1988	2017	28	5.32
USGS	08074000	00065	134409		3	15	1988	2017	27	5.31
USGS	08074000	00065	134409		3	16	1988	2017	28	5.13
USGS	08074000	00065	134409		3	17	1988	2017	27	5.22
USGS	08074000	00065	134409		3	18	1988	2017	28	5.23
USGS	08074000	00065	134409		3	19	1988	2017	29	5.24
USGS	08074000	00065	134409		3	20	1988	2017	29	5.26
USGS	08074000	00065	134409		3	21	1988	2017	29	4.61
USGS	08074000	00065	134409		3	22	1988	2017	29	4.62
USGS	08074000	00065	134409		3	23	1988	2017	29	4.41
USGS	08074000	00065	134409		3	24	1988	2017	29	4.35
USGS	08074000	00065	134409		3	25	1988	2017	28	3.94
USGS	08074000	00065	134409		3	26	1988	2017	28	4.17
USGS	08074000	00065	134409		3	27	1988	2017	28	4.30
USGS	08074000	00065	134409		3	28	1988	2017	28	4.60
USGS	08074000	00065	134409		3	29	1988	2017	28	4.31
USGS	08074000	00065	134409		3	30	1988	2017	28	4.02
USGS	08074000	00065	134409		3	31	1988	2017	25	4.38
USGS	08074000	00065	134409		4	1	1988	2017	27	4.11
USGS	08074000	00065	134409		4	2	1988	2017	28	3.99
USGS	08074000	00065	134409		4	3	1988	2017	28	4.30
USGS	08074000	00065	134409		4	4	1988	2017	29	4.65
USGS	08074000	00065	134409		4	5	1988	2017	29	5.10
USGS	08074000	00065	134409		4	6	1988	2017	29	4.84
USGS	08074000	00065	134409		4	7	1989	2017	27	4.10
USGS	08074000	00065	134409		4	8	1988	2017	29	4.61
USGS	08074000	00065	134409		4	9	1988	2017	28	4.38
USGS	08074000	00065	134409		4	10	1988	2017	29	4.49
USGS	08074000	00065	134409		4	11	1989	2017	28	4.94
USGS	08074000	00065	134409		4	12	1989	2017	28	4.73
USGS	08074000	00065	134409		4	13	1988	2017	29	4.67
USGS	08074000	00065	134409		4	14	1988	2017	29	5.15
USGS	08074000	00065	134409		4	15	1988	2017	29	4.85
USGS	08074000	00065	134409		4	16	1989	2017	28	4.51
USGS	08074000	00065	134409		4	17	1989	2017	28	4.91
USGS	08074000	00065	134409		4	18	1988	2017	29	6.12
USGS	08074000	00065	134409		4	19	1988	2017	29	5.01
USGS	08074000	00065	134409		4	20	1988	2017	29	4.44
USGS	08074000	00065	134409		4	21	1989	2017	27	4.57
USGS	08074000	00065	134409		4	22	1989	2017	28	4.51
USGS	08074000	00065	134409		4	23	1989	2017	28	4.40
USGS	08074000	00065	134409		4	24	1988	2017	29	4.46
USGS	08074000	00065	134409		4	25	1988	2017	28	4.54
USGS	08074000	00065	134409		4	26	1988	2017	29	4.64
USGS	08074000	00065	134409		4	27	1988	2017	29	4.88
USGS	08074000	00065	134409		4	28	1988	2017	29	5.56
USGS	08074000	00065	134409		4	29	1988	2017	29	5.51
USGS	08074000	00065	134409		4	30	1988	2017	29	5.09
USGS	08074000	00065	134409		5	1	1988	2017	30	5.49
USGS	08074000	00065	134409		5	2	1988	2017	30	5.58
USGS	08074000	00065	134409		5	3	1988	2017	30	5.28
USGS	08074000	00065	134409		5	4	1988	2017	30	5.41
USGS	08074000	00065	134409		5	5	1989	2017	29	5.09
USGS	08074000	00065	134409		5	6	1988	2017	30	5.44
USGS	08074000	00065	134409		5	7	1988	2017	30	5.52
USGS	08074000	00065	134409		5	8	1988	2017	30	6.03
USGS	08074000	00065	134409		5	9	1988	2017	30	5.62
USGS	08074000	00065	134409		5	10	1988	2017	30	5.68
USGS	08074000	00065	134409		5	11	1988	2017	29	6.12
USGS	08074000	00065	134409		5	12	1988	2017	30	5.62
USGS	08074000	00065	134409		5	13	1988	2017	30	5.75
USGS	08074000	00065	134409		5	14	1988	2017	30	5.69
USGS	08074000	00065	134409		5	15	1988	2017	30	5.41
USGS	08074000	00065	134409		5	16	1988	2017	29	5.15
USGS	08074000	00065	134409		5	17	1988	2017	28	5.02
USGS	08074000	00065	134409		5	18	1988	2017	29	5.46
USGS	08074000	00065	134409		5	19	1988	2017	29	5.19
USGS	08074000	00065	134409		5	20	1989	2017	29	5.26
USGS	08074000	00065	134409		5	21	1989	2017	29	4.84
USGS	08074000	00065	134409		5	22	1988	2017	28	5.69
USGS	08074000	00065	134409		5	23	1988	2017	30	5.55
USGS	08074000	00065	134409		5	24	1988	2017	30	5.29
USGS	08074000	00065	134409		5	25	1988	2017	28	4.93
USGS	08074000	00065	134409		5	26	1988	2017	30	5.50
USGS	08074000	00065	134409		5	27	1988	2017	30	5.50
USGS	08074000	00065	134409		5	28	1988	2017	28	5.06
USGS	08074000	00065	134409		5	29	1988	2017	28	5.13
USGS	08074000	00065	134409		5	30	1988	2017	28	5.51
USGS	08074000	00065	134409		5	31	1988	2017	29	5.47
USGS	08074000	00065	134409		6	1	1988	2017	30	5.17
USGS	08074000	00065	134409		6	2	1988	2017	29	5.29
USGS	08074000	00065	134409		6	3	1988	2017	29	5.45
USGS	08074000	00065	134409		6	4	1988	2017	28	5.43
USGS	08074000	00065	134409		6	5	1988	2017	29	5.45
USGS	08074000	00065	134409		6	6	1988	2017	29	5.18
USGS	08074000	00065	134409		6	7	1988	2017	29	4.83
USGS	08074000	00065	134409		6	8	1988	2017	30	4.82
USGS	08074000	00065	134409		6	9	1988	2017	30	5.64
USGS	08074000	00065	134409		6	10	1988	2017	29	4.62
USGS	08074000	00065	134409		6	11	1988	2017	29	4.86
USGS	08074000	00065	134409		6	12	1988	2017	30	4.92
USGS	08074000	00065	134409		6	13	1988	2017	28	4.76
USGS	08074000	00065	134409		6	14	1988	2017	29	4.82
USGS	08074000	00065	134409		6	15	1989	2017	29	5.20
USGS	08074000	00065	134409		6	16	1988	2017	30	5.03
USGS	08074000	00065	134409		6	17	1988	2017	27	4.76
USGS	08074000	00065	134409		6	18	1988	2017	29	4.76
USGS	08074000	00065	134409		6	19	1988	2017	29	5.25
USGS	08074000	00065	134409		6	20	1988	2017	28	5.65
USGS	08074000	00065	134409		6	21	1988	2017	28	5.31
USGS	08074000	00065	134409		6	22	1988	2017	28	5.13
USGS	08074000	00065	134409		6	23	1988	2017	28	5.36
USGS	08074000	00065	134409		6	24	1988	2017	29	5.57
USGS	08074000	00065	134409		6	25	1988	2017	29	5.72
USGS	08074000	00065	134409		6	26	1988	2017	28	5.43
USGS	08074000	00065	134409		6	27	1988	2017	26	5.32
USGS	08074000	00065	134409		6	28	1988	2017	28	4.88
USGS	08074000	00065	134409		6	29	1988	2017	28	5.14
USGS	08074000	00065	134409		6	30	1988	2017	30	5.67
USGS	08074000	00065	134409		7	1	1988	2017	28	5.40
USGS	08074000	00065	134409		7	2	1989	2017	27	5.53
USGS	08074000	00065	134409		7	3	1989	2017	27	5.39
USGS	08074000	00065	134409		7	4	1989	2017	28	4.81
USGS	08074000	00065	134409		7	5	1989	2017	27	5.02
USGS	08074000	00065	134409		7	6	1989	2017	27	5.10
USGS	08074000	00065	134409		7	7	1989	2017	27	5.20
USGS	08074000	00065	134409		7	8	1988	2017	28	4.83
USGS	08074000	00065	134409		7	9	1988	2017	28	4.48
USGS	08074000	00065	134409		7	10	1987	2017	29	4.50
USGS	08074000	00065	134409		7	11	1988	2017	29	4.70
USGS	08074000	00065	134409		7	12	1988	2017	28	4.79
USGS	08074000	00065	134409		7	13	1987	2017	28	4.81
USGS	08074000	00065	134409		7	14	1987	2017	27	4.93
USGS	08074000	00065	134409		7	15	1987	2017	29	4.77
USGS	08074000	00065	134409		7	16	1987	2017	30	4.33
USGS	08074000	00065	134409		7	17	1987	2017	30	4.18
USGS	08074000	00065	134409		7	18	1987	2017	30	3.95
USGS	08074000	00065	134409		7	19	1987	2017	29	4.33
USGS	08074000	00065	134409		7	20	1987	2017	30	4.31
USGS	08074000	00065	134409		7	21	1987	2017	29	3.96
USGS	08074000	00065	134409		7	22	1987	2017	30	3.83
USGS	08074000	00065	134409		7	23	1987	2017	29	4.26
USGS	08074000	00065	134409		7	24	1987	2017	30	4.37
USGS	08074000	00065	134409		7	25	1987	2017	29	4.50
USGS	08074000	00065	134409		7	26	1987	2017	30	4.46
USGS	08074000	00065	134409		7	27	1987	2017	30	4.15
USGS	08074000	00065	134409		7	28	1987	2017	30	3.79
USGS	08074000	00065	134409		7	29	1987	2017	30	3.92
USGS	08074000	00065	134409		7	30	1987	2017	30	4.10
USGS	08074000	00065	134409		7	31	1987	2017	30	4.29
USGS	08074000	00065	134409		8	1	1987	2017	30	4.76
USGS	08074000	00065	134409		8	2	1987	2017	30	4.40
USGS	08074000	00065	134409		8	3	1987	2017	30	4.43
USGS	08074000	00065	134409		8	4	1987	2017	30	4.44
USGS	08074000	00065	134409		8	5	1987	2017	28	4.31
USGS	08074000	00065	134409		8	6	1987	2017	30	4.18
USGS	08074000	00065	134409		8	7	1987	2017	28	3.72
USGS	08074000	00065	134409		8	8	1987	2017	27	4.27
USGS	08074000	00065	134409		8	9	1987	2017	27	3.96
USGS	08074000	00065	134409		8	10	1987	2017	29	4.20
USGS	08074000	00065	134409		8	11	1987	2017	28	4.34
USGS	08074000	00065	134409		8	12	1987	2017	29	4.16
USGS	08074000	00065	134409		8	13	1988	2017	29	4.12
USGS	08074000	00065	134409		8	14	1987	2017	30	4.10
USGS	08074000	00065	134409		8	15	1987	2017	29	4.31
USGS	08074000	00065	134409		8	16	1987	2017	29	4.60
USGS	08074000	00065	134409		8	17	1989	2017	27	4.20
USGS	08074000	00065	134409		8	18	1988	2017	28	4.32
USGS	08074000	00065	134409		8	19	1987	2017	28	4.60
USGS	08074000	00065	134409		8	20	1987	2017	29	4.50
USGS	08074000	00065	134409		8	21	1987	2017	29	4.62
USGS	08074000	00065	134409		8	22	1987	2017	30	4.77
USGS	08074000	00065	134409		8	23	1987	2017	30	4.89
USGS	08074000	00065	134409		8	24	1987	2017	29	4.86
USGS	08074000	00065	134409		8	25	1987	2017	29	4.27
USGS	08074000	00065	134409		8	26	1987	2016	29	4.02
USGS	08074000	00065	134409		8	27	1987	2016	29	4.02
USGS	08074000	00065	134409		8	28	1987	2016	28	3.63
USGS	08074000	00065	134409		8	29	1987	2017	29	4.52
USGS	08074000	00065	134409		8	30	1987	2017	26	4.60
USGS	08074000	00065	134409		8	31	1987	2017	27	5.34
USGS	08074000	00065	134409		9	1	1987	2017	27	5.13
USGS	08074000	00065	134409		9	2	1988	2017	26	4.97
USGS	08074000	00065	134409		9	3	1988	2017	26	5.00
USGS	08074000	00065	134409		9	4	1988	2017	27	4.64
USGS	08074000	00065	134409		9	5	1988	2017	28	4.72
USGS	08074000	00065	134409		9	6	1988	2017	28	5.02
USGS	08074000	00065	134409		9	7	1988	2017	29	5.26
USGS	08074000	00065	134409		9	8	1988	2017	29	5.08
USGS	08074000	00065	134409		9	9	1988	2017	29	4.91
USGS	08074000	00065	134409		9	10	1988	2017	28	5.01
USGS	08074000	00065	134409		9	11	1988	2017	28	6.09
USGS	08074000	00065	134409		9	12	1988	2017	29	6.11
USGS	08074000	00065	134409		9	13	1988	2017	29	6.03
USGS	08074000	00065	134409		9	14	1989	2017	28	5.99
USGS	08074000	00065	134409		9	15	1988	2017	28	5.24
USGS	08074000	00065	134409		9	16	1987	2017	30	5.08
USGS	08074000	00065	134409		9	17	1987	2017	30	4.91
USGS	08074000	00065	134409		9	18	1987	2017	29	4.96
USGS	08074000	00065	134409		9	19	1988	2017	27	5.39
USGS	08074000	00065	134409		9	20	1988	2017	28	4.89
USGS	08074000	00065	134409		9	21	1987	2017	30	5.59
USGS	08074000	00065	134409		9	22	1988	2017	29	5.28
USGS	08074000	00065	134409		9	23	1987	2017	30	5.27
USGS	08074000	00065	134409		9	24	1987	2017	30	5.07
USGS	08074000	00065	134409		9	25	1988	2017	29	4.80
USGS	08074000	00065	134409		9	26	1988	2017	29	4.65
USGS	08074000	00065	134409		9	27	1988	2017	29	4.41
USGS	08074000	00065	134409		9	28	1987	2017	30	4.01
USGS	08074000	00065	134409		9	29	1988	2017	29	4.45
USGS	08074000	00065	134409		9	30	1988	2016	28	4.54
USGS	08074000	00065	134409		10	1	1988	2017	27	4.29
USGS	08074000	00065	134409		10	2	1988	2017	28	4.58
USGS	08074000	00065	134409		10	3	1988	2017	28	4.38
USGS	08074000	00065	134409		10	4	1988	2017	28	4.23
USGS	08074000	00065	134409		10	5	1988	2017	26	4.06
USGS	08074000	00065	134409		10	6	1988	2017	26	4.12
USGS	08074000	00065	134409		10	7	1988	2017	27	4.13
USGS	08074000	00065	134409		10	8	1988	2017	28	4.45
USGS	08074000	00065	134409		10	9	1988	2017	28	4.92
USGS	08074000	00065	134409		10	10	1989	2017	27	4.78
USGS	08074000	00065	134409		10	11	1989	2017	27	4.69
USGS	08074000	00065	134409		10	12	1989	2017	27	4.64
USGS	08074000	00065	134409		10	13	1988	2017	28	4.79
USGS	08074000	00065	134409		10	14	1988	2017	29	4.20
USGS	08074000	00065	134409		10	15	1988	2017	28	4.80
USGS	08074000	00065	134409		10	16	1990	2017	27	5.72
USGS	08074000	00065	134409		10	17	1990	2017	27	5.39
USGS	08074000	00065	134409		10	18	1988	2017	29	5.62
USGS	08074000	00065	134409		10	19	1989	2017	28	5.54
USGS	08074000	00065	134409		10	20	1988	2017	29	5.24
USGS	08074000	00065	134409		10	21	1988	2017	29	4.91
USGS	08074000	00065	134409		10	22	1988	2017	29	4.79
USGS	08074000	00065	134409		10	23	1988	2017	29	4.86
USGS	08074000	00065	134409		10	24	1988	2017	28	4.73
USGS	08074000	00065	134409		10	25	1989	2017	27	5.30
USGS	08074000	00065	134409		10	26	1988	2017	27	4.67
USGS	08074000	00065	134409		10	27	1988	2017	26	4.39
USGS	08074000	00065	134409		10	28	1988	2017	28	5.00
USGS	08074000	00065	134409		10	29	1988	2017	28	5.74
USGS	08074000	00065	134409		10	30	1988	2017	28	5.65
USGS	08074000	00065	134409		10	31	1988	2017	27	5.79
USGS	08074000	00065	134409		11	1	1988	2017	28	5.34
USGS	08074000	00065	134409		11	2	1988	2017	28	5.47
USGS	08074000	00065	134409		11	3	1988	2017	27	5.32
USGS	08074000	00065	134409		11	4	1989	2017	27	5.55
USGS	08074000	00065	134409		11	5	1989	2017	28	5.03
USGS	08074000	00065	134409		11	6	1988	2017	29	4.73
USGS	08074000	00065	134409		11	7	1988	2017	28	4.58
USGS	08074000	00065	134409		11	8	1988	2017	29	4.60
USGS	08074000	00065	134409		11	9	1988	2017	29	4.57
USGS	08074000	00065	134409		11	10	1988	2017	29	4.66
USGS	08074000	00065	134409		11	11	1988	2017	29	4.56
USGS	08074000	00065	134409		11	12	1988	2017	28	4.75
USGS	08074000	00065	134409		11	13	1988	2017	29	4.91
USGS	08074000	00065	134409		11	14	1988	2017	29	4.75
USGS	08074000	00065	134409		11	15	1988	2017	29	4.76
USGS	08074000	00065	134409		11	16	1988	2017	27	5.36
USGS	08074000	00065	134409		11	17	1989	2017	27	5.70
USGS	08074000	00065	134409		11	18	1988	2017	28	6.69
USGS	08074000	00065	134409		11	19	1988	2017	28	5.31
USGS	08074000	00065	134409		11	20	1988	2017	28	5.12
USGS	08074000	00065	134409		11	21	1989	2017	26	5.15
USGS	08074000	00065	134409		11	22	1989	2017	25	5.46
USGS	08074000	00065	134409		11	23	1989	2017	27	5.49
USGS	08074000	00065	134409		11	24	1988	2017	25	5.04
USGS	08074000	00065	134409		11	25	1989	2017	27	5.02
USGS	08074000	00065	134409		11	26	1988	2017	28	5.07
USGS	08074000	00065	134409		11	27	1988	2017	27	4.69
USGS	08074000	00065	134409		11	28	1988	2017	28	5.00
USGS	08074000	00065	134409		11	29	1988	2017	29	4.73
USGS	08074000	00065	134409		11	30	1988	2017	28	4.84
USGS	08074000	00065	134409		12	1	1989	2017	27	4.76
USGS	08074000	00065	134409		12	2	1989	2017	27	4.59
USGS	08074000	00065	134409		12	3	1988	2017	26	4.80
USGS	08074000	00065	134409		12	4	1989	2017	27	4.49
USGS	08074000	00065	134409		12	5	1989	2017	27	4.63
USGS	08074000	00065	134409		12	6	1988	2017	28	4.65
USGS	08074000	00065	134409		12	7	1988	2017	27	4.13
USGS	08074000	00065	134409		12	8	1988	2017	29	4.36
USGS	08074000	00065	134409		12	9	1988	2017	29	4.34
USGS	08074000	00065	134409		12	10	1988	2017	27	4.08
USGS	08074000	00065	134409		12	11	1988	2017	29	4.44
USGS	08074000	00065	134409		12	12	1988	2017	29	5.14
USGS	08074000	00065	134409		12	13	1988	2017	29	4.91
USGS	08074000	00065	134409		12	14	1988	2017	29	4.68
USGS	08074000	00065	134409		12	15	1988	2017	29	5.07
USGS	08074000	00065	134409		12	16	1989	2017	28	5.12
USGS	08074000	00065	134409		12	17	1989	2017	28	5.01
USGS	08074000	00065	134409		12	18	1988	2017	29	5.33
USGS	08074000	00065	134409		12	19	1988	2017	29	5.50
USGS	08074000	00065	134409		12	20	1988	2017	28	5.32
USGS	08074000	00065	134409		12	21	1988	2017	28	5.79
USGS	08074000	00065	134409		12	22	1988	2017	28	5.42
USGS	08074000	00065	134409		12	23	1988	2017	26	4.39
USGS	08074000	00065	134409		12	24	1988	2017	26	4.26
USGS	08074000	00065	134409		12	25	1988	2017	27	4.53
USGS	08074000	00065	134409		12	26	1988	2017	28	4.36
USGS	08074000	00065	134409		12	27	1988	2017	27	4.30
USGS	08074000	00065	134409		12	28	1988	2017	27	4.30
USGS	08074000	00065	134409		12	29	1988	2017	27	4.70
USGS	08074000	00065	134409		12	30	1988	2017	29	4.39
USGS	08074000	00065	134409		12	31	1988	2017	29	4.02
