#
#
# US Geological Survey, Water Resources Data
# retrieved: 2019-02-26 15:07:59 -05:00	(natwebcaas01)
#
# This file contains USGS Daily Statistics
#
# Note:The statistics generated are based on approved daily-mean data and may not match those published by the USGS in official publications.
# The user is responsible for assessment and use of statistics from this site.
# For more details on why the statistics may not match, visit http://help.waterdata.usgs.gov/faq/about-statistics.
#
# Data heading explanations.
# agency_cd       -- agency code
# site_no         -- Site identification number
# parameter_cd    -- Parameter code
# station_nm      -- Site name
# loc_web_ds      -- Additional measurement description
#
# Data for the following 1 site(s) are contained in this file
# agency_cd   site_no      parameter_cd   station_nm (loc_web_ds)
# USGS        08074500     00065          Whiteoak Bayou at Houston, TX
#
# Explanation of Parameter Codes
# parameter_cd	Parameter Name
# 00065         Gage height, feet
#
# Data heading explanations.
# month_nu    ... The month for which the statistics apply.
# day_nu      ... The day for which the statistics apply.
# begin_yr    ... First water year of data of daily mean values for this day.
# end_yr      ... Last water year of data of daily mean values for this day.
# count_nu    ... Number of values used in the calculation.
# mean_va     ... Mean of daily mean values for this day.
#
agency_cd	site_no	parameter_cd	ts_id	loc_web_ds	month_nu	day_nu	begin_yr	end_yr	count_nu	mean_va
5s	15s	5s	10n	15s	3n	3n	6n	6n	8n	12s
USGS	08074500	00065	134430		1	1	1999	2018	17	12.82
USGS	08074500	00065	134430		1	2	1999	2018	17	12.77
USGS	08074500	00065	134430		1	3	1999	2018	18	13.05
USGS	08074500	00065	134430		1	4	1999	2018	18	13.15
USGS	08074500	00065	134430		1	5	1999	2018	18	13.26
USGS	08074500	00065	134430		1	6	1999	2018	18	13.06
USGS	08074500	00065	134430		1	7	1999	2018	18	13.21
USGS	08074500	00065	134430		1	8	1999	2018	18	13.25
USGS	08074500	00065	134430		1	9	1999	2018	18	13.75
USGS	08074500	00065	134430		1	10	1999	2018	18	13.34
USGS	08074500	00065	134430		1	11	1999	2018	18	13.33
USGS	08074500	00065	134430		1	12	1999	2018	18	13.10
USGS	08074500	00065	134430		1	13	1999	2018	18	13.24
USGS	08074500	00065	134430		1	14	1999	2018	18	13.06
USGS	08074500	00065	134430		1	15	1999	2018	18	13.13
USGS	08074500	00065	134430		1	16	1999	2018	18	13.48
USGS	08074500	00065	134430		1	17	1999	2018	18	13.64
USGS	08074500	00065	134430		1	18	1999	2018	18	13.15
USGS	08074500	00065	134430		1	19	1999	2018	18	13.39
USGS	08074500	00065	134430		1	20	1999	2018	19	12.87
USGS	08074500	00065	134430		1	21	1999	2018	19	12.94
USGS	08074500	00065	134430		1	22	1999	2018	19	13.06
USGS	08074500	00065	134430		1	23	1999	2018	19	12.86
USGS	08074500	00065	134430		1	24	1999	2018	19	13.35
USGS	08074500	00065	134430		1	25	1999	2018	19	13.40
USGS	08074500	00065	134430		1	26	1999	2018	19	13.01
USGS	08074500	00065	134430		1	27	1999	2018	19	13.07
USGS	08074500	00065	134430		1	28	1999	2018	19	13.01
USGS	08074500	00065	134430		1	29	1999	2018	19	13.15
USGS	08074500	00065	134430		1	30	1999	2018	19	12.96
USGS	08074500	00065	134430		1	31	1999	2018	19	12.94
USGS	08074500	00065	134430		2	1	1999	2018	19	13.08
USGS	08074500	00065	134430		2	2	1999	2018	20	12.71
USGS	08074500	00065	134430		2	3	1999	2018	20	12.56
USGS	08074500	00065	134430		2	4	1999	2018	20	12.84
USGS	08074500	00065	134430		2	5	1999	2018	20	12.63
USGS	08074500	00065	134430		2	6	1999	2018	20	12.66
USGS	08074500	00065	134430		2	7	1999	2018	20	12.77
USGS	08074500	00065	134430		2	8	1999	2018	20	12.75
USGS	08074500	00065	134430		2	9	1999	2018	20	12.77
USGS	08074500	00065	134430		2	10	1999	2018	20	13.17
USGS	08074500	00065	134430		2	11	1999	2018	19	13.40
USGS	08074500	00065	134430		2	12	1999	2018	19	13.17
USGS	08074500	00065	134430		2	13	1999	2018	20	12.85
USGS	08074500	00065	134430		2	14	1999	2018	20	12.87
USGS	08074500	00065	134430		2	15	1999	2018	20	12.69
USGS	08074500	00065	134430		2	16	1999	2018	20	12.66
USGS	08074500	00065	134430		2	17	1999	2018	20	12.74
USGS	08074500	00065	134430		2	18	1999	2018	20	12.86
USGS	08074500	00065	134430		2	19	1999	2018	20	12.59
USGS	08074500	00065	134430		2	20	1999	2018	20	12.87
USGS	08074500	00065	134430		2	21	1999	2018	20	13.11
USGS	08074500	00065	134430		2	22	2000	2018	19	12.73
USGS	08074500	00065	134430		2	23	2000	2018	19	12.72
USGS	08074500	00065	134430		2	24	1999	2018	20	12.92
USGS	08074500	00065	134430		2	25	1999	2018	20	12.98
USGS	08074500	00065	134430		2	26	1999	2018	20	12.96
USGS	08074500	00065	134430		2	27	1999	2018	20	12.65
USGS	08074500	00065	134430		2	28	1999	2018	20	12.53
USGS	08074500	00065	134430		2	29	2000	2016	5	13.50
USGS	08074500	00065	134430		3	1	1999	2018	20	12.75
USGS	08074500	00065	134430		3	2	1999	2018	20	12.79
USGS	08074500	00065	134430		3	3	1999	2018	20	12.74
USGS	08074500	00065	134430		3	4	1999	2018	20	12.76
USGS	08074500	00065	134430		3	5	1999	2018	20	12.76
USGS	08074500	00065	134430		3	6	1999	2018	20	12.67
USGS	08074500	00065	134430		3	7	1999	2018	20	12.68
USGS	08074500	00065	134430		3	8	1999	2018	20	12.74
USGS	08074500	00065	134430		3	9	1999	2018	20	13.37
USGS	08074500	00065	134430		3	10	1999	2018	20	13.43
USGS	08074500	00065	134430		3	11	1999	2018	20	13.17
USGS	08074500	00065	134430		3	12	1999	2018	20	13.03
USGS	08074500	00065	134430		3	13	1999	2018	20	13.02
USGS	08074500	00065	134430		3	14	1999	2018	20	13.59
USGS	08074500	00065	134430		3	15	1999	2018	19	13.44
USGS	08074500	00065	134430		3	16	1999	2018	19	13.01
USGS	08074500	00065	134430		3	17	1999	2018	19	12.80
USGS	08074500	00065	134430		3	18	1999	2018	19	12.77
USGS	08074500	00065	134430		3	19	1999	2018	19	13.12
USGS	08074500	00065	134430		3	20	1999	2018	20	12.96
USGS	08074500	00065	134430		3	21	1999	2018	19	12.54
USGS	08074500	00065	134430		3	22	1999	2018	19	12.36
USGS	08074500	00065	134430		3	23	1999	2018	19	12.19
USGS	08074500	00065	134430		3	24	1999	2018	19	12.26
USGS	08074500	00065	134430		3	25	1999	2018	19	12.39
USGS	08074500	00065	134430		3	26	1999	2018	19	12.45
USGS	08074500	00065	134430		3	27	1999	2018	19	12.56
USGS	08074500	00065	134430		3	28	1999	2018	19	12.86
USGS	08074500	00065	134430		3	29	1999	2018	19	13.05
USGS	08074500	00065	134430		3	30	1999	2018	19	12.58
USGS	08074500	00065	134430		3	31	1999	2018	19	12.47
USGS	08074500	00065	134430		4	1	1999	2018	19	12.31
USGS	08074500	00065	134430		4	2	1999	2018	19	12.52
USGS	08074500	00065	134430		4	3	1999	2018	19	12.61
USGS	08074500	00065	134430		4	4	1999	2018	19	12.27
USGS	08074500	00065	134430		4	5	1999	2018	19	12.11
USGS	08074500	00065	134430		4	6	1999	2018	19	12.15
USGS	08074500	00065	134430		4	7	1999	2018	19	12.14
USGS	08074500	00065	134430		4	8	1999	2018	19	12.74
USGS	08074500	00065	134430		4	9	1999	2018	19	12.19
USGS	08074500	00065	134430		4	10	1999	2018	19	12.31
USGS	08074500	00065	134430		4	11	1999	2018	19	13.02
USGS	08074500	00065	134430		4	12	1999	2018	19	12.81
USGS	08074500	00065	134430		4	13	1999	2018	19	12.48
USGS	08074500	00065	134430		4	14	1999	2018	19	12.49
USGS	08074500	00065	134430		4	15	1999	2018	19	12.23
USGS	08074500	00065	134430		4	16	1999	2018	19	12.37
USGS	08074500	00065	134430		4	17	1999	2018	19	12.72
USGS	08074500	00065	134430		4	18	1999	2018	18	13.32
USGS	08074500	00065	134430		4	19	1999	2018	19	12.89
USGS	08074500	00065	134430		4	20	1999	2018	19	12.57
USGS	08074500	00065	134430		4	21	1999	2018	19	12.57
USGS	08074500	00065	134430		4	22	1999	2018	19	12.42
USGS	08074500	00065	134430		4	23	1999	2018	19	12.15
USGS	08074500	00065	134430		4	24	1999	2018	19	12.31
USGS	08074500	00065	134430		4	25	1999	2018	19	12.68
USGS	08074500	00065	134430		4	26	1999	2018	19	12.36
USGS	08074500	00065	134430		4	27	1999	2018	19	12.56
USGS	08074500	00065	134430		4	28	1999	2018	19	13.03
USGS	08074500	00065	134430		4	29	1999	2018	19	12.49
USGS	08074500	00065	134430		4	30	1999	2018	19	12.27
USGS	08074500	00065	134430		5	1	1999	2018	19	12.52
USGS	08074500	00065	134430		5	2	1999	2018	19	12.55
USGS	08074500	00065	134430		5	3	1999	2018	19	12.54
USGS	08074500	00065	134430		5	4	1999	2018	19	12.51
USGS	08074500	00065	134430		5	5	1999	2018	19	12.44
USGS	08074500	00065	134430		5	6	1999	2018	19	12.38
USGS	08074500	00065	134430		5	7	1999	2018	19	12.42
USGS	08074500	00065	134430		5	8	1999	2018	19	12.48
USGS	08074500	00065	134430		5	9	1999	2018	19	12.31
USGS	08074500	00065	134430		5	10	1999	2018	18	12.88
USGS	08074500	00065	134430		5	11	1999	2018	18	13.46
USGS	08074500	00065	134430		5	12	1999	2018	18	13.30
USGS	08074500	00065	134430		5	13	1999	2018	18	13.29
USGS	08074500	00065	134430		5	14	1999	2018	19	13.10
USGS	08074500	00065	134430		5	15	1999	2018	19	12.89
USGS	08074500	00065	134430		5	16	1999	2018	19	12.47
USGS	08074500	00065	134430		5	17	1999	2018	19	12.40
USGS	08074500	00065	134430		5	18	1999	2018	18	12.49
USGS	08074500	00065	134430		5	19	1999	2018	19	12.25
USGS	08074500	00065	134430		5	20	1999	2018	19	12.65
USGS	08074500	00065	134430		5	21	1999	2018	19	12.53
USGS	08074500	00065	134430		5	22	1999	2018	19	12.56
USGS	08074500	00065	134430		5	23	1999	2018	19	12.29
USGS	08074500	00065	134430		5	24	1999	2018	19	12.29
USGS	08074500	00065	134430		5	25	1999	2018	19	12.27
USGS	08074500	00065	134430		5	26	1999	2018	18	12.83
USGS	08074500	00065	134430		5	27	1999	2018	19	13.43
USGS	08074500	00065	134430		5	28	1999	2018	19	13.18
USGS	08074500	00065	134430		5	29	1999	2018	19	12.87
USGS	08074500	00065	134430		5	30	1999	2018	19	13.02
USGS	08074500	00065	134430		5	31	1999	2018	19	12.98
USGS	08074500	00065	134430		6	1	1999	2018	18	12.69
USGS	08074500	00065	134430		6	2	1999	2018	19	12.74
USGS	08074500	00065	134430		6	3	1999	2018	19	12.61
USGS	08074500	00065	134430		6	4	1999	2018	19	12.94
USGS	08074500	00065	134430		6	5	1999	2018	19	12.71
USGS	08074500	00065	134430		6	6	1999	2018	18	12.80
USGS	08074500	00065	134430		6	7	1999	2018	19	12.21
USGS	08074500	00065	134430		6	8	1999	2018	19	12.64
USGS	08074500	00065	134430		6	9	1999	2018	18	12.30
USGS	08074500	00065	134430		6	10	1999	2018	18	12.09
USGS	08074500	00065	134430		6	11	1999	2018	19	12.32
USGS	08074500	00065	134430		6	12	1999	2018	19	12.55
USGS	08074500	00065	134430		6	13	1999	2018	19	12.63
USGS	08074500	00065	134430		6	14	1999	2018	19	12.58
USGS	08074500	00065	134430		6	15	1999	2018	19	12.73
USGS	08074500	00065	134430		6	16	1999	2018	19	12.75
USGS	08074500	00065	134430		6	17	1999	2018	18	13.02
USGS	08074500	00065	134430		6	18	1999	2018	19	12.60
USGS	08074500	00065	134430		6	19	1999	2018	19	13.16
USGS	08074500	00065	134430		6	20	1999	2018	19	13.09
USGS	08074500	00065	134430		6	21	1999	2018	19	12.60
USGS	08074500	00065	134430		6	22	1999	2018	19	12.81
USGS	08074500	00065	134430		6	23	1999	2018	19	12.93
USGS	08074500	00065	134430		6	24	1999	2018	18	13.10
USGS	08074500	00065	134430		6	25	1999	2018	18	13.14
USGS	08074500	00065	134430		6	26	1999	2018	19	12.80
USGS	08074500	00065	134430		6	27	1999	2018	18	12.83
USGS	08074500	00065	134430		6	28	1999	2018	19	12.79
USGS	08074500	00065	134430		6	29	1999	2018	19	12.56
USGS	08074500	00065	134430		6	30	1999	2018	19	12.70
USGS	08074500	00065	134430		7	1	1999	2018	18	12.96
USGS	08074500	00065	134430		7	2	1999	2018	18	13.36
USGS	08074500	00065	134430		7	3	1999	2018	18	12.97
USGS	08074500	00065	134430		7	4	1999	2018	19	13.10
USGS	08074500	00065	134430		7	5	1999	2018	18	12.80
USGS	08074500	00065	134430		7	6	1999	2018	18	12.89
USGS	08074500	00065	134430		7	7	1999	2018	18	12.83
USGS	08074500	00065	134430		7	8	1999	2018	19	12.90
USGS	08074500	00065	134430		7	9	1999	2018	19	12.84
USGS	08074500	00065	134430		7	10	1999	2018	19	12.74
USGS	08074500	00065	134430		7	11	1999	2018	19	12.57
USGS	08074500	00065	134430		7	12	1999	2018	19	12.76
USGS	08074500	00065	134430		7	13	1999	2018	19	12.65
USGS	08074500	00065	134430		7	14	1999	2018	18	12.33
USGS	08074500	00065	134430		7	15	1999	2018	18	13.02
USGS	08074500	00065	134430		7	16	1999	2018	19	12.92
USGS	08074500	00065	134430		7	17	1999	2018	19	12.72
USGS	08074500	00065	134430		7	18	1999	2018	19	12.73
USGS	08074500	00065	134430		7	19	1999	2018	19	12.83
USGS	08074500	00065	134430		7	20	1999	2018	19	12.75
USGS	08074500	00065	134430		7	21	1999	2018	19	12.47
USGS	08074500	00065	134430		7	22	1999	2018	19	12.58
USGS	08074500	00065	134430		7	23	1999	2018	19	12.60
USGS	08074500	00065	134430		7	24	1999	2018	19	12.51
USGS	08074500	00065	134430		7	25	1999	2018	19	12.36
USGS	08074500	00065	134430		7	26	1999	2018	19	12.99
USGS	08074500	00065	134430		7	27	1999	2018	19	12.86
USGS	08074500	00065	134430		7	28	1999	2018	19	12.48
USGS	08074500	00065	134430		7	29	1999	2018	19	12.46
USGS	08074500	00065	134430		7	30	1999	2018	18	12.54
USGS	08074500	00065	134430		7	31	1999	2018	18	12.58
USGS	08074500	00065	134430		8	1	1999	2018	19	12.56
USGS	08074500	00065	134430		8	2	1999	2018	19	12.30
USGS	08074500	00065	134430		8	3	1999	2018	19	12.25
USGS	08074500	00065	134430		8	4	1999	2018	19	12.28
USGS	08074500	00065	134430		8	5	1999	2018	19	12.22
USGS	08074500	00065	134430		8	6	1999	2018	19	12.14
USGS	08074500	00065	134430		8	7	1999	2018	19	12.30
USGS	08074500	00065	134430		8	8	1999	2017	18	13.27
USGS	08074500	00065	134430		8	9	1999	2017	18	12.93
USGS	08074500	00065	134430		8	10	1999	2017	18	12.67
USGS	08074500	00065	134430		8	11	1999	2017	18	12.51
USGS	08074500	00065	134430		8	12	1999	2017	17	12.22
USGS	08074500	00065	134430		8	13	1999	2017	16	12.47
USGS	08074500	00065	134430		8	14	1999	2017	16	12.69
USGS	08074500	00065	134430		8	15	1999	2017	16	13.01
USGS	08074500	00065	134430		8	16	1999	2017	17	13.34
USGS	08074500	00065	134430		8	17	1999	2017	17	13.21
USGS	08074500	00065	134430		8	18	1999	2017	17	13.09
USGS	08074500	00065	134430		8	19	1999	2017	17	13.23
USGS	08074500	00065	134430		8	20	1999	2017	17	13.09
USGS	08074500	00065	134430		8	21	1999	2017	17	13.16
USGS	08074500	00065	134430		8	22	1999	2017	17	13.23
USGS	08074500	00065	134430		8	23	1999	2017	18	12.66
USGS	08074500	00065	134430		8	24	1999	2017	18	12.54
USGS	08074500	00065	134430		8	25	1999	2017	18	12.65
USGS	08074500	00065	134430		8	26	1999	2017	18	13.13
USGS	08074500	00065	134430		8	27	1999	2016	17	12.78
USGS	08074500	00065	134430		8	28	1999	2016	17	12.89
USGS	08074500	00065	134430		8	29	1999	2016	17	12.86
USGS	08074500	00065	134430		8	30	1999	2016	16	13.17
USGS	08074500	00065	134430		8	31	1999	2016	16	13.53
USGS	08074500	00065	134430		9	1	1999	2017	17	13.44
USGS	08074500	00065	134430		9	2	1999	2017	16	13.45
USGS	08074500	00065	134430		9	3	1999	2015	16	13.33
USGS	08074500	00065	134430		9	4	1999	2015	16	13.44
USGS	08074500	00065	134430		9	5	1999	2017	17	13.13
USGS	08074500	00065	134430		9	6	1999	2017	17	12.98
USGS	08074500	00065	134430		9	7	1999	2017	17	13.13
USGS	08074500	00065	134430		9	8	1999	2017	17	12.92
USGS	08074500	00065	134430		9	9	1999	2017	17	12.86
USGS	08074500	00065	134430		9	10	1999	2017	17	12.80
USGS	08074500	00065	134430		9	11	1999	2017	17	12.98
USGS	08074500	00065	134430		9	12	1999	2017	17	13.13
USGS	08074500	00065	134430		9	13	1999	2017	17	13.02
USGS	08074500	00065	134430		9	14	1999	2017	17	12.81
USGS	08074500	00065	134430		9	15	1999	2017	17	12.81
USGS	08074500	00065	134430		9	16	1999	2017	17	12.83
USGS	08074500	00065	134430		9	17	1999	2017	17	12.93
USGS	08074500	00065	134430		9	18	1999	2017	17	13.22
USGS	08074500	00065	134430		9	19	1999	2017	17	13.20
USGS	08074500	00065	134430		9	20	1999	2017	17	13.22
USGS	08074500	00065	134430		9	21	1999	2017	17	13.57
USGS	08074500	00065	134430		9	22	1999	2017	17	13.32
USGS	08074500	00065	134430		9	23	1999	2017	17	12.90
USGS	08074500	00065	134430		9	24	1999	2017	17	12.90
USGS	08074500	00065	134430		9	25	1999	2017	17	12.67
USGS	08074500	00065	134430		9	26	1999	2017	17	12.55
USGS	08074500	00065	134430		9	27	1999	2017	17	12.48
USGS	08074500	00065	134430		9	28	1999	2017	17	12.66
USGS	08074500	00065	134430		9	29	1999	2017	17	12.93
USGS	08074500	00065	134430		9	30	1999	2017	17	12.80
USGS	08074500	00065	134430		10	1	1999	2018	18	12.80
USGS	08074500	00065	134430		10	2	1999	2018	18	12.91
USGS	08074500	00065	134430		10	3	1999	2018	18	12.99
USGS	08074500	00065	134430		10	4	1999	2018	18	12.91
USGS	08074500	00065	134430		10	5	1999	2018	18	12.96
USGS	08074500	00065	134430		10	6	1999	2018	18	13.41
USGS	08074500	00065	134430		10	7	1999	2018	18	13.13
USGS	08074500	00065	134430		10	8	1999	2018	18	12.93
USGS	08074500	00065	134430		10	9	1999	2018	18	13.66
USGS	08074500	00065	134430		10	10	1999	2018	18	13.40
USGS	08074500	00065	134430		10	11	1999	2018	18	13.20
USGS	08074500	00065	134430		10	12	1999	2018	18	13.29
USGS	08074500	00065	134430		10	13	1999	2018	18	13.61
USGS	08074500	00065	134430		10	14	1999	2018	18	13.03
USGS	08074500	00065	134430		10	15	1999	2018	18	13.18
USGS	08074500	00065	134430		10	16	1999	2018	18	13.99
USGS	08074500	00065	134430		10	17	1999	2018	18	13.24
USGS	08074500	00065	134430		10	18	1999	2018	18	13.43
USGS	08074500	00065	134430		10	19	1999	2018	17	13.92
USGS	08074500	00065	134430		10	20	1999	2018	18	13.14
USGS	08074500	00065	134430		10	21	1999	2018	18	12.89
USGS	08074500	00065	134430		10	22	1999	2018	18	13.46
USGS	08074500	00065	134430		10	23	1999	2018	18	13.11
USGS	08074500	00065	134430		10	24	1999	2018	18	13.25
USGS	08074500	00065	134430		10	25	1999	2018	18	13.89
USGS	08074500	00065	134430		10	26	1999	2018	18	13.41
USGS	08074500	00065	134430		10	27	1999	2018	17	13.47
USGS	08074500	00065	134430		10	28	1999	2018	17	13.47
USGS	08074500	00065	134430		10	29	1999	2018	17	14.12
USGS	08074500	00065	134430		10	30	1999	2018	17	13.71
USGS	08074500	00065	134430		10	31	1999	2018	17	14.12
USGS	08074500	00065	134430		11	1	1999	2018	17	13.93
USGS	08074500	00065	134430		11	2	1999	2018	17	13.78
USGS	08074500	00065	134430		11	3	1999	2018	16	13.35
USGS	08074500	00065	134430		11	4	1999	2018	16	13.37
USGS	08074500	00065	134430		11	5	1999	2018	16	13.20
USGS	08074500	00065	134430		11	6	1999	2018	17	12.71
USGS	08074500	00065	134430		11	7	1999	2018	18	12.87
USGS	08074500	00065	134430		11	8	1999	2018	18	12.91
USGS	08074500	00065	134430		11	9	1999	2018	18	12.80
USGS	08074500	00065	134430		11	10	1999	2018	18	12.74
USGS	08074500	00065	134430		11	11	1999	2018	18	12.72
USGS	08074500	00065	134430		11	12	1999	2018	18	13.08
USGS	08074500	00065	134430		11	13	1999	2018	18	13.56
USGS	08074500	00065	134430		11	14	1999	2018	18	13.16
USGS	08074500	00065	134430		11	15	1999	2018	18	12.99
USGS	08074500	00065	134430		11	16	1999	2018	18	13.32
USGS	08074500	00065	134430		11	17	1999	2018	17	14.45
USGS	08074500	00065	134430		11	18	1999	2018	17	14.66
USGS	08074500	00065	134430		11	19	1999	2018	18	13.15
USGS	08074500	00065	134430		11	20	1999	2018	18	13.13
USGS	08074500	00065	134430		11	21	1999	2018	18	13.37
USGS	08074500	00065	134430		11	22	1999	2018	18	13.87
USGS	08074500	00065	134430		11	23	1999	2018	18	13.57
USGS	08074500	00065	134430		11	24	1999	2018	18	13.56
USGS	08074500	00065	134430		11	25	1999	2018	18	13.22
USGS	08074500	00065	134430		11	26	1999	2018	17	13.09
USGS	08074500	00065	134430		11	27	1999	2018	17	12.90
USGS	08074500	00065	134430		11	28	1999	2018	18	13.15
USGS	08074500	00065	134430		11	29	1999	2018	18	13.00
USGS	08074500	00065	134430		11	30	1999	2018	18	12.93
USGS	08074500	00065	134430		12	1	1999	2018	18	12.89
USGS	08074500	00065	134430		12	2	1999	2018	18	13.08
USGS	08074500	00065	134430		12	3	1999	2018	18	13.01
USGS	08074500	00065	134430		12	4	1999	2018	17	12.94
USGS	08074500	00065	134430		12	5	1999	2018	18	13.18
USGS	08074500	00065	134430		12	6	1999	2018	18	12.96
USGS	08074500	00065	134430		12	7	1999	2018	18	13.03
USGS	08074500	00065	134430		12	8	1999	2018	17	12.87
USGS	08074500	00065	134430		12	9	1999	2018	18	13.04
USGS	08074500	00065	134430		12	10	1999	2018	18	13.00
USGS	08074500	00065	134430		12	11	1999	2018	18	13.31
USGS	08074500	00065	134430		12	12	1999	2018	18	13.93
USGS	08074500	00065	134430		12	13	1999	2018	18	13.86
USGS	08074500	00065	134430		12	14	1999	2018	18	13.59
USGS	08074500	00065	134430		12	15	1999	2018	18	13.39
USGS	08074500	00065	134430		12	16	1999	2018	18	13.50
USGS	08074500	00065	134430		12	17	1999	2018	18	13.36
USGS	08074500	00065	134430		12	18	1999	2018	18	13.11
USGS	08074500	00065	134430		12	19	1999	2018	18	13.54
USGS	08074500	00065	134430		12	20	1999	2018	18	13.26
USGS	08074500	00065	134430		12	21	1999	2018	18	13.15
USGS	08074500	00065	134430		12	22	1999	2018	18	13.26
USGS	08074500	00065	134430		12	23	1999	2018	18	13.06
USGS	08074500	00065	134430		12	24	1999	2018	18	13.38
USGS	08074500	00065	134430		12	25	1999	2018	18	13.26
USGS	08074500	00065	134430		12	26	1999	2018	18	12.91
USGS	08074500	00065	134430		12	27	1999	2018	18	13.05
USGS	08074500	00065	134430		12	28	1999	2018	18	13.22
USGS	08074500	00065	134430		12	29	1999	2018	18	13.25
USGS	08074500	00065	134430		12	30	1999	2018	18	13.09
USGS	08074500	00065	134430		12	31	1999	2018	18	13.02
