#
#
# US Geological Survey, Water Resources Data
# retrieved: 2019-02-26 15:07:59 -05:00	(natwebvaas01)
#
# This file contains USGS Daily Statistics
#
# Note:The statistics generated are based on approved daily-mean data and may not match those published by the USGS in official publications.
# The user is responsible for assessment and use of statistics from this site.
# For more details on why the statistics may not match, visit http://help.waterdata.usgs.gov/faq/about-statistics.
#
# Data heading explanations.
# agency_cd       -- agency code
# site_no         -- Site identification number
# parameter_cd    -- Parameter code
# station_nm      -- Site name
# loc_web_ds      -- Additional measurement description
#
# Data for the following 1 site(s) are contained in this file
# agency_cd   site_no      parameter_cd   station_nm (loc_web_ds)
# USGS        08116400     00065          Dry Ck nr Rosenberg, TX
#
# Explanation of Parameter Codes
# parameter_cd	Parameter Name
# 00065         Gage height, feet
#
# Data heading explanations.
# month_nu    ... The month for which the statistics apply.
# day_nu      ... The day for which the statistics apply.
# begin_yr    ... First water year of data of daily mean values for this day.
# end_yr      ... Last water year of data of daily mean values for this day.
# count_nu    ... Number of values used in the calculation.
# mean_va     ... Mean of daily mean values for this day.
#
agency_cd	site_no	parameter_cd	ts_id	loc_web_ds	month_nu	day_nu	begin_yr	end_yr	count_nu	mean_va
5s	15s	5s	10n	15s	3n	3n	6n	6n	8n	12s
USGS	08116400	00065	135526		1	1	2008	2018	11	65.94
USGS	08116400	00065	135526		1	2	2008	2018	11	65.99
USGS	08116400	00065	135526		1	3	2008	2018	11	66.13
USGS	08116400	00065	135526		1	4	2008	2018	10	66.06
USGS	08116400	00065	135526		1	5	2008	2018	10	66.16
USGS	08116400	00065	135526		1	6	2008	2018	10	66.50
USGS	08116400	00065	135526		1	7	2008	2018	10	67.22
USGS	08116400	00065	135526		1	8	2008	2018	10	67.14
USGS	08116400	00065	135526		1	9	2008	2018	10	67.70
USGS	08116400	00065	135526		1	10	2008	2018	10	67.32
USGS	08116400	00065	135526		1	11	2008	2018	10	67.49
USGS	08116400	00065	135526		1	12	2008	2018	10	67.47
USGS	08116400	00065	135526		1	13	2008	2018	10	67.40
USGS	08116400	00065	135526		1	14	2008	2018	10	67.15
USGS	08116400	00065	135526		1	15	2008	2018	10	66.99
USGS	08116400	00065	135526		1	16	2008	2018	10	67.42
USGS	08116400	00065	135526		1	17	2008	2018	10	67.23
USGS	08116400	00065	135526		1	18	2008	2018	10	67.13
USGS	08116400	00065	135526		1	19	2008	2018	10	67.57
USGS	08116400	00065	135526		1	20	2008	2018	10	67.14
USGS	08116400	00065	135526		1	21	2008	2018	10	66.77
USGS	08116400	00065	135526		1	22	2008	2018	10	66.96
USGS	08116400	00065	135526		1	23	2008	2018	10	66.98
USGS	08116400	00065	135526		1	24	2008	2018	10	66.67
USGS	08116400	00065	135526		1	25	2008	2018	10	66.75
USGS	08116400	00065	135526		1	26	2008	2018	10	66.55
USGS	08116400	00065	135526		1	27	2008	2018	10	66.48
USGS	08116400	00065	135526		1	28	2008	2018	10	66.54
USGS	08116400	00065	135526		1	29	2008	2018	10	66.62
USGS	08116400	00065	135526		1	30	2008	2018	10	66.68
USGS	08116400	00065	135526		1	31	2008	2018	10	66.40
USGS	08116400	00065	135526		2	1	2008	2018	10	66.43
USGS	08116400	00065	135526		2	2	2008	2018	10	66.43
USGS	08116400	00065	135526		2	3	2008	2018	10	66.57
USGS	08116400	00065	135526		2	4	2008	2018	10	66.86
USGS	08116400	00065	135526		2	5	2008	2018	10	66.89
USGS	08116400	00065	135526		2	6	2008	2018	10	66.99
USGS	08116400	00065	135526		2	7	2008	2018	10	66.98
USGS	08116400	00065	135526		2	8	2008	2018	10	66.85
USGS	08116400	00065	135526		2	9	2008	2018	10	66.82
USGS	08116400	00065	135526		2	10	2008	2018	11	67.38
USGS	08116400	00065	135526		2	11	2008	2018	11	67.36
USGS	08116400	00065	135526		2	12	2008	2018	11	67.36
USGS	08116400	00065	135526		2	13	2008	2018	11	67.28
USGS	08116400	00065	135526		2	14	2008	2018	11	67.12
USGS	08116400	00065	135526		2	15	2008	2018	11	66.70
USGS	08116400	00065	135526		2	16	2008	2018	11	66.59
USGS	08116400	00065	135526		2	17	2008	2018	11	66.52
USGS	08116400	00065	135526		2	18	2008	2018	11	66.80
USGS	08116400	00065	135526		2	19	2009	2018	10	66.50
USGS	08116400	00065	135526		2	20	2009	2018	10	66.64
USGS	08116400	00065	135526		2	21	2009	2018	10	66.35
USGS	08116400	00065	135526		2	22	2008	2018	11	66.53
USGS	08116400	00065	135526		2	23	2008	2018	11	66.87
USGS	08116400	00065	135526		2	24	2008	2018	11	67.06
USGS	08116400	00065	135526		2	25	2008	2018	11	67.00
USGS	08116400	00065	135526		2	26	2008	2018	11	66.64
USGS	08116400	00065	135526		2	27	2008	2018	11	66.59
USGS	08116400	00065	135526		2	28	2008	2018	11	66.52
USGS	08116400	00065	135526		2	29	2008	2016	3	65.97
USGS	08116400	00065	135526		3	1	2008	2018	11	66.44
USGS	08116400	00065	135526		3	2	2008	2018	11	66.60
USGS	08116400	00065	135526		3	3	2008	2018	11	66.80
USGS	08116400	00065	135526		3	4	2008	2018	11	66.62
USGS	08116400	00065	135526		3	5	2008	2018	11	66.97
USGS	08116400	00065	135526		3	6	2008	2018	11	67.04
USGS	08116400	00065	135526		3	7	2008	2018	11	66.93
USGS	08116400	00065	135526		3	8	2008	2018	11	66.76
USGS	08116400	00065	135526		3	9	2008	2018	11	67.25
USGS	08116400	00065	135526		3	10	2008	2018	11	67.69
USGS	08116400	00065	135526		3	11	2008	2018	11	67.19
USGS	08116400	00065	135526		3	12	2008	2018	11	67.16
USGS	08116400	00065	135526		3	13	2008	2018	11	67.28
USGS	08116400	00065	135526		3	14	2008	2018	11	67.24
USGS	08116400	00065	135526		3	15	2008	2018	11	66.91
USGS	08116400	00065	135526		3	16	2008	2018	11	66.86
USGS	08116400	00065	135526		3	17	2008	2018	11	67.12
USGS	08116400	00065	135526		3	18	2008	2018	11	67.06
USGS	08116400	00065	135526		3	19	2008	2018	11	67.03
USGS	08116400	00065	135526		3	20	2008	2018	11	67.37
USGS	08116400	00065	135526		3	21	2008	2018	11	67.22
USGS	08116400	00065	135526		3	22	2008	2018	11	67.03
USGS	08116400	00065	135526		3	23	2008	2018	11	66.80
USGS	08116400	00065	135526		3	24	2008	2018	11	67.02
USGS	08116400	00065	135526		3	25	2008	2018	11	67.30
USGS	08116400	00065	135526		3	26	2008	2018	11	67.24
USGS	08116400	00065	135526		3	27	2008	2018	11	67.19
USGS	08116400	00065	135526		3	28	2008	2018	11	67.28
USGS	08116400	00065	135526		3	29	2008	2018	11	67.72
USGS	08116400	00065	135526		3	30	2008	2018	11	67.37
USGS	08116400	00065	135526		3	31	2008	2018	11	67.62
USGS	08116400	00065	135526		4	1	2008	2018	11	68.04
USGS	08116400	00065	135526		4	2	2008	2018	11	67.89
USGS	08116400	00065	135526		4	3	2008	2018	11	67.75
USGS	08116400	00065	135526		4	4	2008	2018	11	67.72
USGS	08116400	00065	135526		4	5	2008	2018	11	67.04
USGS	08116400	00065	135526		4	6	2008	2018	11	66.98
USGS	08116400	00065	135526		4	7	2008	2018	11	67.12
USGS	08116400	00065	135526		4	8	2008	2018	11	67.49
USGS	08116400	00065	135526		4	9	2008	2018	11	67.78
USGS	08116400	00065	135526		4	10	2008	2018	11	67.80
USGS	08116400	00065	135526		4	11	2008	2018	11	67.78
USGS	08116400	00065	135526		4	12	2008	2018	11	67.87
USGS	08116400	00065	135526		4	13	2008	2018	11	67.77
USGS	08116400	00065	135526		4	14	2008	2018	11	67.66
USGS	08116400	00065	135526		4	15	2008	2018	11	67.77
USGS	08116400	00065	135526		4	16	2008	2018	11	67.92
USGS	08116400	00065	135526		4	17	2008	2018	11	68.59
USGS	08116400	00065	135526		4	18	2008	2018	11	69.60
USGS	08116400	00065	135526		4	19	2008	2018	10	67.75
USGS	08116400	00065	135526		4	20	2008	2018	10	66.99
USGS	08116400	00065	135526		4	21	2008	2018	11	67.00
USGS	08116400	00065	135526		4	22	2008	2018	11	67.04
USGS	08116400	00065	135526		4	23	2008	2018	11	67.10
USGS	08116400	00065	135526		4	24	2008	2018	11	67.43
USGS	08116400	00065	135526		4	25	2008	2018	11	68.33
USGS	08116400	00065	135526		4	26	2008	2018	11	67.99
USGS	08116400	00065	135526		4	27	2008	2018	11	67.89
USGS	08116400	00065	135526		4	28	2008	2018	11	67.83
USGS	08116400	00065	135526		4	29	2008	2018	11	67.39
USGS	08116400	00065	135526		4	30	2008	2018	11	67.51
USGS	08116400	00065	135526		5	1	2008	2018	11	67.67
USGS	08116400	00065	135526		5	2	2008	2018	11	67.45
USGS	08116400	00065	135526		5	3	2008	2018	11	67.35
USGS	08116400	00065	135526		5	4	2008	2018	11	68.15
USGS	08116400	00065	135526		5	5	2008	2018	11	68.02
USGS	08116400	00065	135526		5	6	2008	2018	11	67.88
USGS	08116400	00065	135526		5	7	2008	2018	11	67.89
USGS	08116400	00065	135526		5	8	2008	2018	11	67.91
USGS	08116400	00065	135526		5	9	2008	2018	11	67.88
USGS	08116400	00065	135526		5	10	2008	2018	11	67.78
USGS	08116400	00065	135526		5	11	2008	2018	11	68.01
USGS	08116400	00065	135526		5	12	2008	2018	11	68.32
USGS	08116400	00065	135526		5	13	2008	2018	11	68.22
USGS	08116400	00065	135526		5	14	2008	2018	11	67.92
USGS	08116400	00065	135526		5	15	2008	2018	11	68.47
USGS	08116400	00065	135526		5	16	2008	2018	11	68.20
USGS	08116400	00065	135526		5	17	2008	2018	11	67.98
USGS	08116400	00065	135526		5	18	2008	2018	10	68.10
USGS	08116400	00065	135526		5	19	2008	2018	11	67.71
USGS	08116400	00065	135526		5	20	2008	2018	11	67.56
USGS	08116400	00065	135526		5	21	2008	2018	10	67.83
USGS	08116400	00065	135526		5	22	2008	2018	11	68.24
USGS	08116400	00065	135526		5	23	2008	2018	11	68.10
USGS	08116400	00065	135526		5	24	2008	2018	11	68.26
USGS	08116400	00065	135526		5	25	2008	2018	11	68.15
USGS	08116400	00065	135526		5	26	2008	2018	11	68.66
USGS	08116400	00065	135526		5	27	2008	2018	11	68.27
USGS	08116400	00065	135526		5	28	2008	2018	11	68.28
USGS	08116400	00065	135526		5	29	2008	2018	11	67.78
USGS	08116400	00065	135526		5	30	2008	2018	11	67.43
USGS	08116400	00065	135526		5	31	2008	2018	11	67.56
USGS	08116400	00065	135526		6	1	2008	2018	11	67.53
USGS	08116400	00065	135526		6	2	2008	2018	11	67.95
USGS	08116400	00065	135526		6	3	2008	2018	11	68.27
USGS	08116400	00065	135526		6	4	2008	2018	10	68.25
USGS	08116400	00065	135526		6	5	2008	2018	10	68.13
USGS	08116400	00065	135526		6	6	2008	2018	10	67.96
USGS	08116400	00065	135526		6	7	2008	2018	11	67.89
USGS	08116400	00065	135526		6	8	2008	2018	11	67.89
USGS	08116400	00065	135526		6	9	2008	2018	11	67.70
USGS	08116400	00065	135526		6	10	2008	2018	11	67.49
USGS	08116400	00065	135526		6	11	2008	2018	11	67.57
USGS	08116400	00065	135526		6	12	2008	2018	11	68.00
USGS	08116400	00065	135526		6	13	2008	2018	11	68.01
USGS	08116400	00065	135526		6	14	2008	2018	11	67.89
USGS	08116400	00065	135526		6	15	2008	2018	11	67.97
USGS	08116400	00065	135526		6	16	2008	2018	11	68.00
USGS	08116400	00065	135526		6	17	2008	2018	11	68.14
USGS	08116400	00065	135526		6	18	2008	2018	11	68.41
USGS	08116400	00065	135526		6	19	2008	2018	11	68.59
USGS	08116400	00065	135526		6	20	2008	2018	11	68.65
USGS	08116400	00065	135526		6	21	2008	2018	11	68.49
USGS	08116400	00065	135526		6	22	2008	2018	11	68.19
USGS	08116400	00065	135526		6	23	2008	2018	11	68.14
USGS	08116400	00065	135526		6	24	2008	2018	11	68.48
USGS	08116400	00065	135526		6	25	2008	2018	11	68.39
USGS	08116400	00065	135526		6	26	2008	2018	11	68.39
USGS	08116400	00065	135526		6	27	2008	2018	11	68.31
USGS	08116400	00065	135526		6	28	2008	2018	11	68.11
USGS	08116400	00065	135526		6	29	2008	2018	11	68.03
USGS	08116400	00065	135526		6	30	2008	2018	11	67.87
USGS	08116400	00065	135526		7	1	2008	2018	11	68.06
USGS	08116400	00065	135526		7	2	2008	2018	11	68.49
USGS	08116400	00065	135526		7	3	2008	2018	11	68.19
USGS	08116400	00065	135526		7	4	2008	2018	11	67.85
USGS	08116400	00065	135526		7	5	2008	2018	11	67.87
USGS	08116400	00065	135526		7	6	2008	2018	11	68.05
USGS	08116400	00065	135526		7	7	2008	2018	11	68.08
USGS	08116400	00065	135526		7	8	2008	2018	11	68.02
USGS	08116400	00065	135526		7	9	2008	2018	11	67.94
USGS	08116400	00065	135526		7	10	2008	2018	11	67.84
USGS	08116400	00065	135526		7	11	2008	2018	11	67.77
USGS	08116400	00065	135526		7	12	2008	2018	11	67.77
USGS	08116400	00065	135526		7	13	2008	2018	11	67.90
USGS	08116400	00065	135526		7	14	2008	2018	10	67.90
USGS	08116400	00065	135526		7	15	2008	2018	11	67.97
USGS	08116400	00065	135526		7	16	2008	2018	11	67.99
USGS	08116400	00065	135526		7	17	2008	2018	11	68.19
USGS	08116400	00065	135526		7	18	2008	2018	11	68.19
USGS	08116400	00065	135526		7	19	2008	2018	10	67.92
USGS	08116400	00065	135526		7	20	2008	2018	10	67.82
USGS	08116400	00065	135526		7	21	2008	2018	11	67.88
USGS	08116400	00065	135526		7	22	2008	2018	11	67.95
USGS	08116400	00065	135526		7	23	2008	2018	11	68.04
USGS	08116400	00065	135526		7	24	2008	2018	11	68.15
USGS	08116400	00065	135526		7	25	2008	2018	11	68.36
USGS	08116400	00065	135526		7	26	2008	2018	11	68.62
USGS	08116400	00065	135526		7	27	2008	2018	11	68.28
USGS	08116400	00065	135526		7	28	2008	2018	11	68.09
USGS	08116400	00065	135526		7	29	2008	2018	11	67.99
USGS	08116400	00065	135526		7	30	2008	2018	11	68.15
USGS	08116400	00065	135526		7	31	2009	2018	10	68.18
USGS	08116400	00065	135526		8	1	2008	2017	10	68.18
USGS	08116400	00065	135526		8	2	2008	2017	9	68.18
USGS	08116400	00065	135526		8	3	2008	2017	9	67.89
USGS	08116400	00065	135526		8	4	2008	2017	10	68.28
USGS	08116400	00065	135526		8	5	2008	2017	10	68.32
USGS	08116400	00065	135526		8	6	2008	2017	10	68.50
USGS	08116400	00065	135526		8	7	2008	2017	10	68.61
USGS	08116400	00065	135526		8	8	2008	2017	9	68.49
USGS	08116400	00065	135526		8	9	2008	2017	9	68.44
USGS	08116400	00065	135526		8	10	2008	2017	10	68.12
USGS	08116400	00065	135526		8	11	2008	2017	10	68.19
USGS	08116400	00065	135526		8	12	2008	2017	10	68.55
USGS	08116400	00065	135526		8	13	2008	2017	10	68.58
USGS	08116400	00065	135526		8	14	2008	2017	10	68.57
USGS	08116400	00065	135526		8	15	2008	2017	10	68.52
USGS	08116400	00065	135526		8	16	2008	2017	10	68.23
USGS	08116400	00065	135526		8	17	2008	2017	10	67.96
USGS	08116400	00065	135526		8	18	2008	2017	10	68.42
USGS	08116400	00065	135526		8	19	2008	2017	10	68.61
USGS	08116400	00065	135526		8	20	2008	2017	10	68.47
USGS	08116400	00065	135526		8	21	2008	2017	10	68.43
USGS	08116400	00065	135526		8	22	2008	2017	10	68.23
USGS	08116400	00065	135526		8	23	2008	2017	10	68.18
USGS	08116400	00065	135526		8	24	2008	2017	10	67.97
USGS	08116400	00065	135526		8	25	2008	2017	10	68.02
USGS	08116400	00065	135526		8	26	2008	2017	10	68.84
USGS	08116400	00065	135526		8	27	2008	2017	10	69.06
USGS	08116400	00065	135526		8	28	2008	2017	10	68.66
USGS	08116400	00065	135526		8	29	2008	2017	10	68.09
USGS	08116400	00065	135526		8	30	2008	2017	10	67.44
USGS	08116400	00065	135526		8	31	2008	2017	10	67.21
USGS	08116400	00065	135526		9	1	2008	2017	10	67.17
USGS	08116400	00065	135526		9	2	2008	2017	10	67.44
USGS	08116400	00065	135526		9	3	2008	2017	10	67.79
USGS	08116400	00065	135526		9	4	2008	2017	10	67.69
USGS	08116400	00065	135526		9	5	2008	2017	10	67.31
USGS	08116400	00065	135526		9	6	2008	2017	10	67.21
USGS	08116400	00065	135526		9	7	2008	2017	10	67.23
USGS	08116400	00065	135526		9	8	2008	2017	9	67.34
USGS	08116400	00065	135526		9	9	2008	2017	9	67.71
USGS	08116400	00065	135526		9	10	2008	2017	9	68.08
USGS	08116400	00065	135526		9	11	2008	2017	9	68.31
USGS	08116400	00065	135526		9	12	2008	2017	9	67.66
USGS	08116400	00065	135526		9	13	2008	2017	9	67.52
USGS	08116400	00065	135526		9	14	2008	2017	9	67.55
USGS	08116400	00065	135526		9	15	2008	2017	9	67.74
USGS	08116400	00065	135526		9	16	2008	2017	9	67.85
USGS	08116400	00065	135526		9	17	2008	2017	9	67.44
USGS	08116400	00065	135526		9	18	2008	2017	9	67.48
USGS	08116400	00065	135526		9	19	2008	2017	9	67.62
USGS	08116400	00065	135526		9	20	2008	2017	9	67.06
USGS	08116400	00065	135526		9	21	2008	2017	9	66.84
USGS	08116400	00065	135526		9	22	2008	2017	9	66.82
USGS	08116400	00065	135526		9	23	2008	2017	9	66.94
USGS	08116400	00065	135526		9	24	2008	2017	9	67.11
USGS	08116400	00065	135526		9	25	2008	2017	9	67.16
USGS	08116400	00065	135526		9	26	2008	2017	9	67.14
USGS	08116400	00065	135526		9	27	2008	2017	9	67.01
USGS	08116400	00065	135526		9	28	2008	2017	10	67.12
USGS	08116400	00065	135526		9	29	2008	2017	10	67.23
USGS	08116400	00065	135526		9	30	2008	2017	10	67.26
USGS	08116400	00065	135526		10	1	2009	2018	10	67.13
USGS	08116400	00065	135526		10	2	2009	2018	10	67.24
USGS	08116400	00065	135526		10	3	2009	2018	10	67.50
USGS	08116400	00065	135526		10	4	2009	2018	10	67.64
USGS	08116400	00065	135526		10	5	2009	2018	9	67.59
USGS	08116400	00065	135526		10	6	2009	2018	10	67.61
USGS	08116400	00065	135526		10	7	2009	2018	10	67.54
USGS	08116400	00065	135526		10	8	2009	2018	10	67.57
USGS	08116400	00065	135526		10	9	2009	2018	10	67.44
USGS	08116400	00065	135526		10	10	2009	2018	10	67.28
USGS	08116400	00065	135526		10	11	2009	2018	10	67.62
USGS	08116400	00065	135526		10	12	2009	2018	10	67.62
USGS	08116400	00065	135526		10	13	2009	2018	10	67.61
USGS	08116400	00065	135526		10	14	2009	2018	10	67.54
USGS	08116400	00065	135526		10	15	2009	2018	10	67.45
USGS	08116400	00065	135526		10	16	2009	2018	10	67.35
USGS	08116400	00065	135526		10	17	2009	2018	10	67.42
USGS	08116400	00065	135526		10	18	2009	2018	10	67.77
USGS	08116400	00065	135526		10	19	2009	2018	10	67.64
USGS	08116400	00065	135526		10	20	2009	2018	10	67.88
USGS	08116400	00065	135526		10	21	2009	2018	10	67.80
USGS	08116400	00065	135526		10	22	2009	2018	10	67.58
USGS	08116400	00065	135526		10	23	2009	2018	10	67.17
USGS	08116400	00065	135526		10	24	2009	2018	10	67.08
USGS	08116400	00065	135526		10	25	2009	2018	10	67.66
USGS	08116400	00065	135526		10	26	2009	2018	10	67.10
USGS	08116400	00065	135526		10	27	2009	2018	10	66.98
USGS	08116400	00065	135526		10	28	2009	2018	10	67.08
USGS	08116400	00065	135526		10	29	2009	2018	10	67.20
USGS	08116400	00065	135526		10	30	2009	2018	10	67.43
USGS	08116400	00065	135526		10	31	2009	2018	10	68.03
USGS	08116400	00065	135526		11	1	2009	2018	10	67.36
USGS	08116400	00065	135526		11	2	2009	2018	10	66.98
USGS	08116400	00065	135526		11	3	2009	2018	10	67.00
USGS	08116400	00065	135526		11	4	2009	2018	10	66.72
USGS	08116400	00065	135526		11	5	2009	2018	10	66.34
USGS	08116400	00065	135526		11	6	2009	2018	10	66.48
USGS	08116400	00065	135526		11	7	2009	2018	10	66.86
USGS	08116400	00065	135526		11	8	2009	2018	10	66.75
USGS	08116400	00065	135526		11	9	2009	2018	10	66.68
USGS	08116400	00065	135526		11	10	2009	2018	10	67.04
USGS	08116400	00065	135526		11	11	2009	2018	10	67.56
USGS	08116400	00065	135526		11	12	2009	2018	10	67.88
USGS	08116400	00065	135526		11	13	2009	2018	10	67.61
USGS	08116400	00065	135526		11	14	2009	2018	10	67.54
USGS	08116400	00065	135526		11	15	2009	2018	10	67.50
USGS	08116400	00065	135526		11	16	2009	2018	10	67.40
USGS	08116400	00065	135526		11	17	2009	2018	10	67.42
USGS	08116400	00065	135526		11	18	2009	2018	10	67.38
USGS	08116400	00065	135526		11	19	2009	2018	10	67.58
USGS	08116400	00065	135526		11	20	2009	2018	10	67.48
USGS	08116400	00065	135526		11	21	2009	2018	10	67.33
USGS	08116400	00065	135526		11	22	2009	2018	10	67.01
USGS	08116400	00065	135526		11	23	2009	2018	10	66.60
USGS	08116400	00065	135526		11	24	2009	2018	10	66.45
USGS	08116400	00065	135526		11	25	2009	2018	10	66.44
USGS	08116400	00065	135526		11	26	2009	2018	10	66.67
USGS	08116400	00065	135526		11	27	2009	2018	10	66.34
USGS	08116400	00065	135526		11	28	2009	2018	10	66.39
USGS	08116400	00065	135526		11	29	2009	2018	10	66.84
USGS	08116400	00065	135526		11	30	2009	2018	10	66.73
USGS	08116400	00065	135526		12	1	2009	2018	10	67.05
USGS	08116400	00065	135526		12	2	2009	2018	10	67.02
USGS	08116400	00065	135526		12	3	2009	2018	10	66.54
USGS	08116400	00065	135526		12	4	2009	2018	10	66.76
USGS	08116400	00065	135526		12	5	2009	2018	10	66.84
USGS	08116400	00065	135526		12	6	2009	2018	10	66.45
USGS	08116400	00065	135526		12	7	2009	2018	10	66.53
USGS	08116400	00065	135526		12	8	2009	2018	10	66.81
USGS	08116400	00065	135526		12	9	2009	2018	10	67.04
USGS	08116400	00065	135526		12	10	2009	2018	10	67.26
USGS	08116400	00065	135526		12	11	2009	2018	10	67.28
USGS	08116400	00065	135526		12	12	2009	2018	10	67.24
USGS	08116400	00065	135526		12	13	2008	2018	11	67.60
USGS	08116400	00065	135526		12	14	2008	2018	11	67.34
USGS	08116400	00065	135526		12	15	2008	2018	11	67.33
USGS	08116400	00065	135526		12	16	2008	2018	11	67.43
USGS	08116400	00065	135526		12	17	2009	2018	10	67.25
USGS	08116400	00065	135526		12	18	2009	2018	10	67.01
USGS	08116400	00065	135526		12	19	2009	2018	10	67.13
USGS	08116400	00065	135526		12	20	2008	2018	11	66.61
USGS	08116400	00065	135526		12	21	2008	2018	11	66.37
USGS	08116400	00065	135526		12	22	2008	2018	11	66.51
USGS	08116400	00065	135526		12	23	2008	2018	11	66.31
USGS	08116400	00065	135526		12	24	2008	2018	11	66.14
USGS	08116400	00065	135526		12	25	2008	2018	11	66.07
USGS	08116400	00065	135526		12	26	2008	2018	11	66.09
USGS	08116400	00065	135526		12	27	2008	2018	11	66.31
USGS	08116400	00065	135526		12	28	2008	2018	11	66.42
USGS	08116400	00065	135526		12	29	2008	2018	11	66.63
USGS	08116400	00065	135526		12	30	2008	2018	11	66.52
USGS	08116400	00065	135526		12	31	2008	2018	11	66.26
